Constant Sample Size 1:
Opt_avg = 170.989811882114
Opt_var = 0.015757864184184737
Utility_avg = 70.27580505960333 89.35651673919894 118.39955440302005 145.34297073509182 157.28610615120854 159.88616636749336 159.97777047541015 159.97777047541015 159.97777047541015 159.97777047541015 159.97777047541015 
Utility_var = 10.790358230766039 38.10069665244562 65.80159526255777 37.55781137394308 5.849255329320182 0.3567550702748766 8.159530979255719e-28 8.159530979255719e-28 8.159530979255719e-28 8.159530979255719e-28 8.159530979255719e-28 
Consistency_avg = 1.0 1.0 1.0 1.0 1.0 1.0 1.0 1.0 1.0 1.0 1.0 
Consistency_var = 0.0 0.0 0.0 0.0 0.0 0.0 0.0 0.0 0.0 0.0 0.0 
Loss_avg = 0.8454100000000001 0.71597 0.5026600000000001 0.25716 0.059640000000000006 0.00128 0.0 0.0 0.0 0.0 0.0 
Loss_var = 0.0004107695959595965 0.0013155243434343435 0.0031427519191919192 0.0027091862626262625 0.0018291620202020202 4.111272727272726e-05 0.0 0.0 0.0 0.0 0.0 
Envy_avg = 0.14 0.23 1.06 3.13 4.87 0.12 0.0 0.0 0.0 0.0 0.0 
Envy_var = 0.16202020202020198 0.25969696969696976 2.258989898989899 17.77080808080808 58.962727272727285 1.2177777777777772 0.0 0.0 0.0 0.0 0.0 
Burnt_avg = 0.0 0.0 0.0 0.0 0.0 0.0 0.0 0.0 0.0 0.0 0.0 
Burnt_var = 0.0 0.0 0.0 0.0 0.0 0.0 0.0 0.0 0.0 0.0 0.0 

Constant Sample Size 3:
Opt_avg = 170.989811882114
Opt_var = 0.015757864184184737
Utility_avg = 74.82128053098687 89.23500484377934 94.37798554053917 95.72188231767818 100.22555176832526 106.13896958090436 112.1858376530845 113.46744700627562 115.20705125695494 115.57907945352015 117.36023416148021 
Utility_var = 78.61021044634582 81.65153466264299 58.89965956549331 78.66044638923283 99.75093852973228 89.9607168534521 66.14791922798565 51.99516880732373 60.970889307323546 42.32678652996764 32.2496686311967 
Consistency_avg = 1.0 1.0 1.0 1.0 1.0 1.0 1.0 1.0 1.0 1.0 1.0 
Consistency_var = 0.0 0.0 0.0 0.0 0.0 0.0 0.0 0.0 0.0 0.0 0.0 
Loss_avg = 0.8083499999999999 0.5655800000000001 0.27826 0.08819 0.023330000000000004 0.009210000000000001 0.00491 0.0017400000000000002 0.0007100000000000001 0.00024 4e-05 
Loss_var = 0.0027727954545454536 0.005546528888888887 0.005205810505050507 0.0031164988888888892 0.0004629102020202021 0.00011137969696969697 3.4304949494949505e-05 5.123636363636363e-06 1.622121212121212e-06 3.6606060606060607e-07 3.878787878787879e-08 
Envy_avg = 0.0 0.0 0.11 0.26 0.6 0.56 0.39 0.26 0.14 0.09 0.04 
Envy_var = 0.0 0.0 0.13929292929292933 0.4367676767676767 0.7676767676767675 0.6529292929292929 0.44232323232323223 0.25494949494949487 0.1822222222222222 0.10292929292929294 0.03878787878787879 
Burnt_avg = 1.78 4.33 7.54 9.78 9.6 8.98 7.94 7.95 7.76 7.78 7.31 
Burnt_var = 0.41575757575757577 1.294040404040404 2.3519191919191917 3.607676767676768 3.919191919191919 3.5551515151515156 2.8246464646464644 1.8863636363636365 2.6084848484848484 1.8905050505050502 1.3473737373737376 

Constant Sample Size 5:
Opt_avg = 170.989811882114
Opt_var = 0.015757864184184737
Utility_avg = 67.35388863324289 76.79544225147897 84.05102326066158 90.14375394102576 93.45734103926324 97.93972783384199 102.1120374875054 108.1553216040541 113.05962183194548 116.31271226358082 117.25420964518504 
Utility_var = 125.44370434242676 133.53490675757917 112.99938692357655 90.00326208091609 72.82495217307414 68.77652148420624 69.16799899463619 79.07115223735445 42.18600903530543 20.20084497253514 18.394675053597044 
Consistency_avg = 1.0 1.0 1.0 1.0 1.0 1.0 1.0 1.0 1.0 1.0 1.0 
Consistency_var = 0.0 0.0 0.0 0.0 0.0 0.0 0.0 0.0 0.0 0.0 0.0 
Loss_avg = 0.62374 0.3780899999999999 0.19511 0.07229000000000001 0.019729999999999998 0.005080000000000001 0.00132 0.0005700000000000001 0.00041 0.00018 8e-05 
Loss_var = 0.006994275151515152 0.006097719090909092 0.00416341202020202 0.0010806322222222222 0.00044143141414141414 6.623595959595961e-05 5.452121212121215e-06 1.1970707070707072e-06 1.133232323232323e-06 2.7030303030303034e-07 7.434343434343433e-08 
Envy_avg = 0.0 0.0 0.01 0.01 0.01 0.02 0.04 0.04 0.03 0.01 0.01 
Envy_var = 0.0 0.0 0.009999999999999998 0.009999999999999998 0.009999999999999998 0.01979797979797979 0.03878787878787879 0.03878787878787878 0.0293939393939394 0.009999999999999998 0.009999999999999998 
Burnt_avg = 2.53 4.84 7.53 9.66 10.78 10.38 9.84 8.62 7.65 7.26 7.29 
Burnt_var = 0.47383838383838395 0.8428282828282829 1.5445454545454549 1.8428282828282827 2.3551515151515154 3.2884848484848472 3.9741414141414135 4.50060606060606 2.007575757575758 0.7397979797979796 0.7938383838383839 

Constant Sample Size 7:
Opt_avg = 170.989811882114
Opt_var = 0.015757864184184737
Utility_avg = 54.81191073611321 64.01414726967617 70.09854190282137 75.37096879586191 78.14450187089038 87.78051356717795 94.46756332529937 99.04719161865107 101.72183349821462 104.33065903414628 105.01250031986373 
Utility_var = 130.19165572215053 196.2571445461927 111.2566587805503 81.97163591075224 126.78589057728273 164.05530066647657 94.1195204117778 37.08253816838362 24.336614128997653 46.84407587619575 46.02504436126706 
Consistency_avg = 1.0 1.0 1.0 1.0 1.0 1.0 1.0 1.0 1.0 1.0 1.0 
Consistency_var = 0.0 0.0 0.0 0.0 0.0 0.0 0.0 0.0 0.0 0.0 0.0 
Loss_avg = 0.47092000000000006 0.2742 0.13645 0.06437 0.026540000000000005 0.00661 0.00117 0.00057 0.00032 0.00012 4e-05 
Loss_var = 0.010493629898989894 0.008056343434343435 0.0021946944444444444 0.0010372657575757577 0.0004288165656565656 5.99170707070707e-05 5.516262626262627e-06 8.334343434343434e-07 5.632323232323234e-07 1.672727272727273e-07 3.878787878787879e-08 
Envy_avg = 0.0 0.0 0.0 0.0 0.0 0.0 0.0 0.0 0.0 0.0 0.0 
Envy_var = 0.0 0.0 0.0 0.0 0.0 0.0 0.0 0.0 0.0 0.0 0.0 
Burnt_avg = 2.81 4.6 6.73 8.52 10.06 10.31 9.97 9.46 9.3 9.2 9.24 
Burnt_var = 0.5796969696969697 0.9292929292929292 0.9263636363636364 1.04 1.5721212121212123 2.862525252525252 2.4940404040404047 1.281212121212122 0.9393939393939396 2.101010101010101 2.4266666666666667 

Constant Sample Size 10:
Opt_avg = 170.989811882114
Opt_var = 0.015757864184184737
Utility_avg = 48.10641115543184 48.047808548301376 48.43648215576607 52.57078260931123 58.01947285472521 65.9983261998017 75.64448305190493 81.04210907048451 84.81325382970824 86.68450888741705 88.56975448768446 
Utility_var = 17.41427681010443 28.49273100646827 51.15625892247581 164.5865512085344 251.1056341173557 255.699109358166 146.4699569019007 40.93082390461005 5.878078831297982 5.02454494632698 4.667534179180087 
Consistency_avg = 1.0 1.0 1.0 1.0 1.0 1.0 1.0 1.0 1.0 1.0 1.0 
Consistency_var = 0.0 0.0 0.0 0.0 0.0 0.0 0.0 0.0 0.0 0.0 0.0 
Loss_avg = 0.35144000000000003 0.19892000000000004 0.1008 0.04999999999999999 0.023430000000000003 0.00878 0.00253 0.0007100000000000001 1e-05 0.0 0.0 
Loss_var = 0.01015946101010101 0.00554635717171717 0.0017954343434343433 0.0006116161616161616 0.00021869202020202022 4.675919191919193e-05 1.774656565656565e-05 4.24838383838384e-06 1e-08 0.0 0.0 
Envy_avg = 0.0 0.0 0.0 0.0 0.0 0.0 0.0 0.0 0.0 0.0 0.0 
Envy_var = 0.0 0.0 0.0 0.0 0.0 0.0 0.0 0.0 0.0 0.0 0.0 
Burnt_avg = 2.6 3.89 5.3 6.69 7.92 9.13 9.75 9.93 10.0 10.0 10.0 
Burnt_var = 0.4444444444444444 0.6645454545454544 0.7373737373737373 0.8625252525252527 0.9026262626262624 0.6192929292929293 0.39141414141414144 0.18696969696969695 0.0 0.0 0.0 

Uniform Product Distribution:
Opt_avg = 170.989811882114
Opt_var = 0.015757864184184737
Utility_avg = 47.50496267101955 47.424256558169375 47.453745436326635 47.4417870021943 47.502431592791126 47.69496911380364 47.77054863735475 47.88418827934648 48.26397028768756 48.10958057533254 48.45305691468955 
Utility_var = 1.187335545952412 1.4051502658582866 0.9773283422188679 0.7765332505004366 0.6543121408948221 0.6298813941294761 0.5358526736695822 0.5485692465182567 9.553966300843953 2.570371641677308 6.537431298110434 
Consistency_avg = 1.0 1.0 1.0 1.0 1.0 1.0 1.0 1.0 1.0 1.0 1.0 
Consistency_var = 0.0 0.0 0.0 0.0 0.0 0.0 0.0 0.0 0.0 0.0 0.0 
Loss_avg = 0.22252 0.11514 0.06899000000000001 0.039810000000000005 0.018009999999999998 0.009760000000000001 0.00489 0.0022 0.00136 0.0008100000000000002 0.0003 
Loss_var = 0.010604272323232328 0.003278040808080808 0.0015365352525252526 0.0006564180808080807 0.0002654039393939394 3.624484848484848e-05 1.516959595959596e-05 3.3737373737373743e-06 2.293333333333333e-06 1.0645454545454546e-06 3.1313131313131324e-07 
Envy_avg = 0.0 0.0 0.0 0.0 0.0 0.0 0.0 0.0 0.0 0.0 0.0 
Envy_var = 0.0 0.0 0.0 0.0 0.0 0.0 0.0 0.0 0.0 0.0 0.0 
Burnt_avg = 2.32 3.3 4.07 4.93 6.08 6.89 7.88 8.86 9.75 10.65 11.64 
Burnt_var = 0.4420202020202022 0.5353535353535355 0.6920202020202023 0.8738383838383839 0.64 0.7251515151515153 0.732929292929293 0.6064646464646465 0.9368686868686869 0.6742424242424244 0.7579797979797979 

