Constant Sample Size 1:
Opt_avg = 168.41308440334072
Opt_var = 0.008310641579822607
Utility_avg = 48.036531705856234 68.06573060445481 100.97853902040451 139.15469599727442 155.50076103541465 158.24705384888478 158.34016104591072 158.34016104591072 158.34016104591072 158.34016104591072 158.34016104591072 
Utility_var = 6.326205070932842 32.7693355027819 62.29936385003244 52.990091295391544 6.255602686861463 0.3694966703174207 8.159530979255719e-28 8.159530979255719e-28 8.159530979255719e-28 8.159530979255719e-28 8.159530979255719e-28 
Consistency_avg = 1.0 1.0 1.0 1.0 1.0 1.0 1.0 1.0 1.0 1.0 1.0 
Consistency_var = 0.0 0.0 0.0 0.0 0.0 0.0 0.0 0.0 0.0 0.0 0.0 
Loss_avg = 0.8454100000000001 0.71597 0.5026600000000001 0.25716 0.059640000000000006 0.00128 0.0 0.0 0.0 0.0 0.0 
Loss_var = 0.0004107695959595965 0.0013155243434343435 0.0031427519191919192 0.0027091862626262625 0.0018291620202020202 4.111272727272726e-05 0.0 0.0 0.0 0.0 0.0 
Envy_avg = 0.14 0.23 1.06 3.13 4.87 0.12 0.0 0.0 0.0 0.0 0.0 
Envy_var = 0.16202020202020198 0.25969696969696976 2.258989898989899 17.77080808080808 58.962727272727285 1.2177777777777772 0.0 0.0 0.0 0.0 0.0 
Burnt_avg = 0.0 0.0 0.0 0.0 0.0 0.0 0.0 0.0 0.0 0.0 0.0 
Burnt_var = 0.0 0.0 0.0 0.0 0.0 0.0 0.0 0.0 0.0 0.0 0.0 

Constant Sample Size 3:
Opt_avg = 168.41308440334072
Opt_var = 0.008310641579822607
Utility_avg = 53.97038274744065 71.92203970218031 87.36938181316323 95.38325044769104 100.2359565445063 107.1325180768899 113.36321185473375 116.2514309879256 118.47616349959418 120.67191595602881 123.20782433019153 
Utility_var = 82.89536899948872 97.07311028055422 86.74269357902853 72.45280098400207 86.78939839533118 85.312094643452 56.684023790108604 54.30620415064904 57.95506736435895 53.97159430393686 42.530173915404006 
Consistency_avg = 1.0 1.0 1.0 1.0 1.0 1.0 1.0 1.0 1.0 1.0 1.0 
Consistency_var = 0.0 0.0 0.0 0.0 0.0 0.0 0.0 0.0 0.0 0.0 0.0 
Loss_avg = 0.80773 0.5618 0.27758999999999995 0.09041 0.022389999999999993 0.009810000000000003 0.005410000000000001 0.0025000000000000005 0.00101 0.0005900000000000001 0.00018999999999999998 
Loss_var = 0.0027238152525252525 0.005376444444444443 0.005971052424242424 0.002853456464646464 0.0003966847474747475 9.536757575757575e-05 2.9335252525252516e-05 7.262626262626263e-06 1.6463636363636364e-06 8.302020202020201e-07 1.958585858585859e-07 
Envy_avg = 0.0 0.0 0.06 0.17 0.51 0.47 0.31 0.31 0.22 0.1 0.05 
Envy_var = 0.0 0.0 0.05696969696969697 0.2435353535353536 0.6564646464646464 0.5546464646464646 0.3372727272727272 0.31707070707070695 0.23393939393939397 0.1111111111111111 0.047979797979797977 
Burnt_avg = 1.77 4.3 7.4 9.38 9.27 8.42 7.32 7.01 6.69 6.38 5.79 
Burnt_var = 0.4415151515151516 1.2626262626262625 2.565656565656566 3.1470707070707067 3.5324242424242436 3.437979797979798 2.3612121212121213 2.050404040404041 2.62010101010101 2.6824242424242426 2.106969696969697 

Constant Sample Size 5:
Opt_avg = 168.41308440334072
Opt_var = 0.008310641579822607
Utility_avg = 46.481138503313126 58.740564269027566 70.24807279907597 82.24920197056082 91.58307760704443 97.77618996724499 103.3924887638661 108.34458188009447 113.9041253584087 116.263604138333 117.01168718509533 
Utility_var = 130.8078601890196 179.19477678653476 144.32125028610187 133.93228650909182 112.96952833734382 75.31197040763563 79.2890417907177 95.32039723172491 66.12692343902046 38.97999046544422 37.27106657357949 
Consistency_avg = 1.0 1.0 1.0 1.0 1.0 1.0 1.0 1.0 1.0 1.0 1.0 
Consistency_var = 0.0 0.0 0.0 0.0 0.0 0.0 0.0 0.0 0.0 0.0 0.0 
Loss_avg = 0.62399 0.37723999999999996 0.19399 0.07036 0.01784 0.005180000000000001 0.0021000000000000003 0.0009600000000000001 0.0007300000000000001 0.00024 0.0001 
Loss_var = 0.0070424746464646465 0.00614014383838384 0.00413990898989899 0.0011092630303030306 0.00038189333333333333 5.6896565656565654e-05 6.85858585858586e-06 2.0185858585858586e-06 1.8758585858585862e-06 3.0545454545454556e-07 1.111111111111111e-07 
Envy_avg = 0.0 0.0 0.01 0.01 0.01 0.02 0.03 0.03 0.04 0.02 0.01 
Envy_var = 0.0 0.0 0.009999999999999998 0.009999999999999998 0.009999999999999998 0.019797979797979794 0.0293939393939394 0.0293939393939394 0.03878787878787879 0.01979797979797979 0.009999999999999998 
Burnt_avg = 2.53 4.84 7.53 9.64 10.56 10.05 9.3 8.24 7.17 6.96 6.99 
Burnt_var = 0.47383838383838395 0.8428282828282829 1.5243434343434346 1.990303030303031 2.612525252525253 3.664141414141414 4.434343434343434 5.2549494949494955 2.8091919191919192 1.3721212121212125 1.4241414141414142 

Constant Sample Size 7:
Opt_avg = 168.41308440334072
Opt_var = 0.008310641579822607
Utility_avg = 35.149331478741395 43.06978134611472 49.58516160015061 55.940688081304486 61.68415415696975 66.22736835720046 72.12630066771032 77.04790027083331 79.29897030657544 80.17342998731648 81.60272598456116 
Utility_var = 139.36677258172497 150.22153790079713 127.57388848624866 114.96622793143301 155.90320513616956 154.42246348218177 118.84924609279622 30.13732768773216 9.117696054490773 12.689460262578782 36.741904709568736 
Consistency_avg = 1.0 1.0 1.0 1.0 1.0 1.0 1.0 1.0 1.0 1.0 1.0 
Consistency_var = 0.0 0.0 0.0 0.0 0.0 0.0 0.0 0.0 0.0 0.0 0.0 
Loss_avg = 0.4721 0.27301000000000003 0.13408 0.06289 0.023850000000000003 0.0077800000000000005 0.0017300000000000002 0.0003800000000000001 0.00021 8e-05 0.0 
Loss_var = 0.009647949494949492 0.007261444343434345 0.003115549090909091 0.0008592302020202019 0.00034717929292929305 8.316323232323232e-05 8.441515151515151e-06 1.025858585858586e-06 3.0898989898989905e-07 9.454545454545457e-08 0.0 
Envy_avg = 0.0 0.0 0.0 0.0 0.0 0.0 0.0 0.0 0.0 0.01 0.01 
Envy_var = 0.0 0.0 0.0 0.0 0.0 0.0 0.0 0.0 0.0 0.009999999999999998 0.009999999999999998 
Burnt_avg = 2.8 4.63 6.78 8.55 9.94 10.63 10.39 9.98 9.69 9.63 9.41 
Burnt_var = 0.5656565656565656 0.8617171717171718 1.244040404040404 1.26010101010101 1.3903030303030308 2.5990909090909096 3.149393939393939 1.0703030303030303 0.5190909090909092 1.1445454545454543 2.6281818181818175 

Constant Sample Size 10:
Opt_avg = 168.41308440334072
Opt_var = 0.008310641579822607
Utility_avg = 26.16446263562763 25.89939048785326 27.892273414499872 32.01557816862189 37.50607840844253 41.276652506632246 47.12785482809279 52.02883271416682 52.72637099045094 53.01383091195998 53.11548734213616 
Utility_var = 12.786549769472888 7.603913944990476 52.4349790990382 124.55021527607767 165.97465522748007 157.17884601951886 103.08381931120205 8.0212836421463 0.5185506825134004 0.2697856993581447 0.18715833162944345 
Consistency_avg = 1.0 1.0 1.0 1.0 1.0 1.0 1.0 1.0 1.0 1.0 1.0 
Consistency_var = 0.0 0.0 0.0 0.0 0.0 0.0 0.0 0.0 0.0 0.0 0.0 
Loss_avg = 0.34318 0.19797 0.10501 0.05121999999999999 0.022670000000000003 0.01069 0.0035900000000000003 0.0002 3e-05 0.0 0.0 
Loss_var = 0.011293805656565657 0.006426716262626262 0.0023194039393939396 0.000551062222222222 0.00019074858585858587 9.573121212121211e-05 1.6022121212121212e-05 1.0909090909090912e-06 9.000000000000003e-08 0.0 0.0 
Envy_avg = 0.0 0.0 0.0 0.0 0.0 0.0 0.0 0.0 0.0 0.0 0.0 
Envy_var = 0.0 0.0 0.0 0.0 0.0 0.0 0.0 0.0 0.0 0.0 0.0 
Burnt_avg = 2.65 3.91 5.28 6.54 7.92 8.97 9.67 9.99 9.99 10.0 10.0 
Burnt_var = 0.4722222222222223 0.7089898989898988 0.8096969696969698 0.6347474747474747 0.8016161616161618 0.999090909090909 0.6273737373737375 0.07060606060606057 0.009999999999999998 0.0 0.0 

Uniform Product Distribution:
Opt_avg = 168.41308440334072
Opt_var = 0.008310641579822607
Utility_avg = 25.6664977060109 25.716973599566824 25.731429909813887 25.739967300408317 25.9854628961173 25.985881179982854 26.21719891824382 26.449316928495023 27.648306805619438 28.648474716938544 29.485568959061975 
Utility_var = 0.07661666534440188 0.04034067832977727 0.026581564780889463 0.02375541310705565 5.817040595209829 5.816872961253631 11.07549025594023 16.28490385612479 42.66308282366497 57.72930566897524 64.64492174640719 
Consistency_avg = 1.0 1.0 1.0 1.0 1.0 1.0 1.0 1.0 1.0 1.0 1.0 
Consistency_var = 0.0 0.0 0.0 0.0 0.0 0.0 0.0 0.0 0.0 0.0 0.0 
Loss_avg = 0.23313000000000003 0.12095 0.0614 0.03713 0.01848 0.0101 0.004680000000000001 0.0025800000000000003 0.0012100000000000001 0.0007400000000000001 0.00045 
Loss_var = 0.010076760707070705 0.0038909368686868683 0.0012899797979797976 0.00048514454545454553 0.00011316121212121211 3.2696969696969694e-05 1.195717171717172e-05 4.609696969696969e-06 1.702929292929293e-06 9.82222222222222e-07 5.126262626262626e-07 
Envy_avg = 0.0 0.0 0.0 0.0 0.0 0.0 0.0 0.0 0.0 0.0 0.0 
Envy_var = 0.0 0.0 0.0 0.0 0.0 0.0 0.0 0.0 0.0 0.0 0.0 
Burnt_avg = 2.23 3.21 4.21 5.0 6.0 6.89 7.89 8.81 9.94 10.85 11.67 
Burnt_var = 0.3809090909090911 0.4908080808080809 0.6524242424242425 0.6262626262626263 0.6060606060606061 0.6443434343434343 0.6241414141414142 0.7817171717171715 0.8650505050505053 0.8358585858585857 0.7485858585858587 

