Constant Sample Size 1:
Opt_avg = 171.50038330437152
Opt_var = 0.0019239719583130986
Utility_avg = 38.79903648976742 59.52420836810851 93.49394328201112 134.43767233695874 159.08738772386144 162.07571966866945 162.17248056936597 162.17248056936597 162.17248056936597 162.17248056936597 162.17248056936597 
Utility_var = 5.9945906570056575 35.01389058905183 62.52607861026486 66.59283184944665 8.951787356967824 0.3892828070066457 0.0 0.0 0.0 0.0 0.0 
Consistency_avg = 1.0 1.0 1.0 1.0 1.0 1.0 1.0 1.0 1.0 1.0 1.0 
Consistency_var = 0.0 0.0 0.0 0.0 0.0 0.0 0.0 0.0 0.0 0.0 0.0 
Loss_avg = 0.8454100000000001 0.71597 0.5026600000000001 0.25716 0.059640000000000006 0.00128 0.0 0.0 0.0 0.0 0.0 
Loss_var = 0.0004107695959595965 0.0013155243434343435 0.0031427519191919192 0.0027091862626262625 0.0018291620202020202 4.111272727272726e-05 0.0 0.0 0.0 0.0 0.0 
Envy_avg = 0.14 0.23 1.06 3.13 4.87 0.12 0.0 0.0 0.0 0.0 0.0 
Envy_var = 0.16202020202020198 0.25969696969696976 2.258989898989899 17.77080808080808 58.962727272727285 1.2177777777777772 0.0 0.0 0.0 0.0 0.0 
Burnt_avg = 0.0 0.0 0.0 0.0 0.0 0.0 0.0 0.0 0.0 0.0 0.0 
Burnt_var = 0.0 0.0 0.0 0.0 0.0 0.0 0.0 0.0 0.0 0.0 0.0 

Constant Sample Size 3:
Opt_avg = 171.50038330437152
Opt_var = 0.0019239719583130986
Utility_avg = 44.920245326968015 63.52348666657754 81.19096384700401 94.71218051212497 104.36685554126645 112.02947805516769 118.82574239271385 121.52077757796489 125.45554063565645 127.30296195076876 130.07423688771448 
Utility_var = 85.90483591768847 101.67402869870119 100.35208204548077 97.19539378574784 90.13383894424818 60.41797783231605 57.04014677759058 60.447392306084154 29.83190452350695 41.395050337739896 33.87015163360814 
Consistency_avg = 1.0 1.0 1.0 1.0 1.0 1.0 1.0 1.0 1.0 1.0 1.0 
Consistency_var = 0.0 0.0 0.0 0.0 0.0 0.0 0.0 0.0 0.0 0.0 0.0 
Loss_avg = 0.80548 0.5599599999999999 0.28068 0.09418000000000001 0.025010000000000004 0.011940000000000001 0.00661 0.0032 0.0013800000000000002 0.00067 0.00023 
Loss_var = 0.0026724945454545445 0.005010543838383836 0.0065079167676767675 0.003073219797979798 0.00044295949494949495 9.177414141414144e-05 2.8644343434343432e-05 1.177777777777778e-05 2.2783838383838386e-06 8.9e-07 2.596969696969697e-07 
Envy_avg = 0.0 0.0 0.02 0.09 0.35 0.3 0.24 0.22 0.18 0.09 0.0 
Envy_var = 0.0 0.0 0.01979797979797979 0.1433333333333334 0.3712121212121212 0.4545454545454547 0.2650505050505051 0.19353535353535356 0.16929292929292925 0.08272727272727275 0.0 
Burnt_avg = 1.77 4.27 7.16 8.94 8.68 7.8 6.64 6.36 5.78 5.53 4.85 
Burnt_var = 0.4415151515151516 1.2091919191919194 2.762020202020202 3.168080808080808 3.6743434343434354 2.4646464646464654 2.2529292929292932 2.3135353535353538 1.446060606060606 1.9081818181818182 1.5833333333333337 

Constant Sample Size 5:
Opt_avg = 171.50038330437152
Opt_var = 0.0019239719583130986
Utility_avg = 33.744892869579445 42.79173680818746 51.116552994848334 56.832645713680925 63.97199082915677 68.86603565007925 72.53991479951496 75.57274114453163 79.0192742982838 80.47227052562071 81.1141834919395 
Utility_var = 75.68080690066073 99.79864932533282 73.22169596549048 70.31907963125346 51.87150549052344 32.28452374679575 44.31735952842518 38.02856688090456 20.984087878380535 3.6249464913447262 4.979641375314411 
Consistency_avg = 1.0 1.0 1.0 1.0 1.0 1.0 1.0 1.0 1.0 1.0 1.0 
Consistency_var = 0.0 0.0 0.0 0.0 0.0 0.0 0.0 0.0 0.0 0.0 0.0 
Loss_avg = 0.6264 0.37426000000000004 0.19141999999999995 0.08395000000000001 0.01783 0.0037400000000000007 0.0017100000000000001 0.00066 0.00037000000000000005 0.00015 8e-05 
Loss_var = 0.007212444444444444 0.005454052929292932 0.003476407676767677 0.0014382095959595963 0.00029909202020202017 3.3547878787878786e-05 5.238282828282826e-06 1.4185858585858588e-06 7.203030303030304e-07 1.6919191919191916e-07 1.1474747474747477e-07 
Envy_avg = 0.0 0.0 0.0 0.01 0.02 0.05 0.04 0.05 0.06 0.06 0.12 
Envy_var = 0.0 0.0 0.0 0.009999999999999998 0.01979797979797979 0.08838383838383834 0.03878787878787879 0.06818181818181819 0.056969696969696955 0.05696969696969697 0.1672727272727272 
Burnt_avg = 2.49 4.84 7.38 9.3 10.23 9.6 8.72 7.98 7.11 6.99 7.11 
Burnt_var = 0.4746464646464646 0.8832323232323234 1.3894949494949493 1.7272727272727266 2.27989898989899 2.9292929292929304 5.132929292929292 4.04 2.684747474747475 0.696868686868687 1.1291919191919193 

Constant Sample Size 7:
Opt_avg = 171.50038330437152
Opt_var = 0.0019239719583130986
Utility_avg = 22.496600535281345 27.844028491517864 31.990936328669115 35.35547968803116 38.85781790972022 42.70085289812527 48.69532323146488 50.43822776182979 51.09367674932851 51.40821312588656 52.1357729902456 
Utility_var = 60.59773007370596 63.57601446402306 42.89999688286467 37.621795956348286 65.90630401157779 71.35620405351798 27.306378336374014 8.896072120590834 5.434402692626291 9.150330018154927 19.10340897583454 
Consistency_avg = 1.0 1.0 1.0 1.0 1.0 1.0 1.0 1.0 1.0 1.0 1.0 
Consistency_var = 0.0 0.0 0.0 0.0 0.0 0.0 0.0 0.0 0.0 0.0 0.0 
Loss_avg = 0.47066 0.27044999999999997 0.14465 0.06831000000000001 0.026770000000000002 0.008600000000000002 0.0012500000000000002 0.00023000000000000003 0.00012 8e-05 5e-05 
Loss_var = 0.009092307474747473 0.008213704545454545 0.003415542929292929 0.001077751414141414 0.00043254252525252524 0.00010343434343434342 4.9166666666666665e-06 3.8090909090909094e-07 1.0666666666666664e-07 7.434343434343434e-08 1.6919191919191913e-07 
Envy_avg = 0.0 0.0 0.0 0.0 0.0 0.0 0.0 0.0 0.0 0.0 0.02 
Envy_var = 0.0 0.0 0.0 0.0 0.0 0.0 0.0 0.0 0.0 0.0 0.019797979797979794 
Burnt_avg = 2.79 4.69 6.59 8.41 9.9 10.43 9.72 9.42 9.4 9.39 9.26 
Burnt_var = 0.5312121212121212 1.024141414141414 1.193838383838384 1.2140404040404038 1.8282828282828283 2.5708080808080807 1.8804040404040407 1.2965656565656565 1.0909090909090913 1.9372727272727257 3.406464646464646 

Constant Sample Size 10:
Opt_avg = 171.50038330437152
Opt_var = 0.0019239719583130986
Utility_avg = 16.88004267347136 16.7044746485173 18.37180165435076 21.16792159621119 22.995651342245292 27.011583157439986 31.004108970986987 32.82500731870019 33.17232515786273 33.24313587907291 33.25214201420181 
Utility_var = 10.288380796938306 7.706614051744988 30.772501158477162 57.00604596512945 66.3722225469328 63.177920847168394 27.510260130882028 2.9916674694851952 0.1525523040314342 0.1549738671362512 0.1553729462578526 
Consistency_avg = 1.0 1.0 1.0 1.0 1.0 1.0 1.0 1.0 1.0 1.0 1.0 
Consistency_var = 0.0 0.0 0.0 0.0 0.0 0.0 0.0 0.0 0.0 0.0 0.0 
Loss_avg = 0.34079 0.19851 0.09746000000000002 0.04761 0.02227 0.0092 0.0025700000000000002 0.0005600000000000001 0.0 0.0 0.0 
Loss_var = 0.013576187777777776 0.005978171616161616 0.0021545337373737373 0.00041153323232323227 0.0001788051515151515 5.927272727272726e-05 1.0934444444444446e-05 3.117575757575758e-06 0.0 0.0 0.0 
Envy_avg = 0.0 0.0 0.0 0.0 0.0 0.0 0.0 0.0 0.0 0.0 0.0 
Envy_var = 0.0 0.0 0.0 0.0 0.0 0.0 0.0 0.0 0.0 0.0 0.0 
Burnt_avg = 2.67 3.9 5.4 6.61 7.96 9.07 9.72 9.92 10.0 10.0 10.0 
Burnt_var = 0.5263636363636365 0.6363636363636362 0.8282828282828282 0.5433333333333334 0.786262626262626 0.7930303030303032 0.3450505050505051 0.1349494949494949 0.0 0.0 0.0 

Uniform Product Distribution:
Opt_avg = 171.50038330437152
Opt_var = 0.0019239719583130986
Utility_avg = 16.227796077797287 16.26489645865096 16.27010120167924 16.27031950564493 16.27031950564493 16.27031950564493 16.436538674857317 17.000213299205036 17.295291621223043 18.008637589326668 19.520925732910214 
Utility_var = 0.04182509102811955 0.02036729233199543 0.017733592357913237 0.017741513623363007 0.017741513623363007 0.017741513623363007 2.7932573897873643 10.23284876988854 13.964883353641975 22.358066942037038 36.31476958315276 
Consistency_avg = 1.0 1.0 1.0 1.0 1.0 1.0 1.0 1.0 1.0 1.0 1.0 
Consistency_var = 0.0 0.0 0.0 0.0 0.0 0.0 0.0 0.0 0.0 0.0 0.0 
Loss_avg = 0.23896 0.1267 0.06432 0.03490000000000001 0.01813 0.009770000000000003 0.00412 0.0024500000000000004 0.0010400000000000001 0.0005300000000000001 0.00031000000000000005 
Loss_var = 0.012294422626262626 0.005478313131313131 0.0014475127272727273 0.0004205757575757576 0.00014718494949494948 4.834050505050505e-05 1.127838383838384e-05 3.5025252525252524e-06 1.5135353535353532e-06 5.950505050505051e-07 3.170707070707071e-07 
Envy_avg = 0.0 0.0 0.0 0.0 0.0 0.0 0.0 0.01 0.0 0.01 0.01 
Envy_var = 0.0 0.0 0.0 0.0 0.0 0.0 0.0 0.009999999999999998 0.0 0.009999999999999998 0.009999999999999998 
Burnt_avg = 2.21 3.18 4.19 5.1 6.02 6.93 8.05 8.93 10.05 10.91 11.83 
Burnt_var = 0.4504040404040404 0.5531313131313131 0.7615151515151515 0.696969696969697 0.7470707070707071 0.772828282828283 0.8762626262626264 0.9142424242424244 0.8560606060606061 0.7291919191919192 0.9304040404040406 

