Constant Sample Size 1:
Opt_avg = 228.82136537895516
Opt_var = 0.031097436092994184
Utility_avg = 50.721935327509044 72.56331687492315 108.21474151168803 160.50076455625862 200.81053800651404 209.3614738113913 209.81954865028754 209.86891529567285 209.86891529567285 209.86891529567285 209.86891529567285 
Utility_var = 9.210150614356294 28.9039323643738 81.62702439149878 107.79468479074532 31.68421339921561 0.9887202735943778 0.1206224425792221 8.159530979255719e-28 8.159530979255719e-28 8.159530979255719e-28 8.159530979255719e-28 
Consistency_avg = 1.0 1.0 1.0 1.0 1.0 1.0 1.0 1.0 1.0 1.0 1.0 
Consistency_var = 0.0 0.0 0.0 0.0 0.0 0.0 0.0 0.0 0.0 0.0 0.0 
Loss_avg = 0.8840899999999999 0.78187 0.61189 0.3657 0.13067 0.011569999999999999 0.00048 0.0 0.0 0.0 0.0 
Loss_var = 0.0003421433333333338 0.0006944374747474747 0.001597917070707071 0.0027686363636363633 0.0022282435353535354 0.0003562475757575758 1.1484444444444445e-05 0.0 0.0 0.0 0.0 
Envy_avg = 0.12 0.31 0.56 1.57 6.51 1.42 0.0 0.0 0.0 0.0 0.0 
Envy_var = 0.12686868686868688 0.4584848484848485 0.8751515151515151 5.197070707070706 52.777676767676766 28.831919191919187 0.0 0.0 0.0 0.0 0.0 
Burnt_avg = 0.0 0.0 0.0 0.0 0.0 0.0 0.0 0.0 0.0 0.0 0.0 
Burnt_var = 0.0 0.0 0.0 0.0 0.0 0.0 0.0 0.0 0.0 0.0 0.0 

Constant Sample Size 3:
Opt_avg = 228.82136537895516
Opt_var = 0.031097436092994184
Utility_avg = 58.50643853582929 82.53370910508227 106.7656387211554 126.70042533476808 134.85905073582006 144.14869459721842 149.89268109240692 152.14370881611637 155.05125582607204 157.8665633130095 159.78964773506027 
Utility_var = 114.56583823557361 125.04332900989264 161.7446462300756 146.34097995062362 128.31794102394193 177.7038714727343 150.62247079642603 120.87498558022197 109.63103471186658 138.97361826094388 150.4346552537055 
Consistency_avg = 1.0 1.0 1.0 1.0 1.0 1.0 1.0 1.0 1.0 1.0 1.0 
Consistency_var = 0.0 0.0 0.0 0.0 0.0 0.0 0.0 0.0 0.0 0.0 0.0 
Loss_avg = 0.8692099999999999 0.66671 0.38419 0.15337 0.03737 0.011059999999999999 0.005180000000000001 0.0023100000000000004 0.00102 0.0005100000000000001 0.00026000000000000003 
Loss_var = 0.002705117070707071 0.0029287534343434346 0.0038508625252525255 0.004133871818181818 0.0008176899999999999 0.00015872363636363634 2.5825858585858586e-05 6.478686868686869e-06 1.6157575757575759e-06 8.584848484848488e-07 4.367676767676768e-07 
Envy_avg = 0.0 0.02 0.07 0.32 0.78 1.06 1.06 0.72 0.47 0.31 0.13 
Envy_var = 0.0 0.019797979797979787 0.08595959595959594 0.44202020202020215 1.3046464646464644 1.6327272727272726 1.410505050505051 0.6682828282828283 0.41323232323232334 0.2968686868686868 0.11424242424242424 
Burnt_avg = 1.64 4.3 8.55 12.3 13.36 12.18 11.45 11.2 10.93 10.43 10.2 
Burnt_var = 0.6367676767676769 1.121212121212121 2.0681818181818183 4.373737373737374 4.838787878787879 6.633939393939394 5.441919191919192 4.121212121212122 3.762727272727273 4.53040404040404 4.929292929292929 

Constant Sample Size 5:
Opt_avg = 228.82136537895516
Opt_var = 0.031097436092994184
Utility_avg = 55.647231354231245 70.66734515972266 89.18498601162726 103.62990838131164 118.60823675502529 127.07089466706807 135.6064069027258 143.69926813110754 148.1353625456269 154.02162502503379 158.4336973054189 
Utility_var = 194.5156581716909 230.32884874134425 208.73996931624802 133.7043043370409 134.37521832370916 88.87299954506163 82.80554579391874 109.09961593806432 126.55565527613012 150.79554680731735 93.27295652878037 
Consistency_avg = 1.0 1.0 1.0 1.0 1.0 1.0 1.0 1.0 1.0 1.0 1.0 
Consistency_var = 0.0 0.0 0.0 0.0 0.0 0.0 0.0 0.0 0.0 0.0 0.0 
Loss_avg = 0.72088 0.47235999999999995 0.26924 0.12358000000000002 0.04061000000000001 0.00775 0.00272 0.00127 0.00064 0.00037000000000000005 0.00014000000000000001 
Loss_var = 0.005285561212121211 0.004045747878787879 0.004461941818181819 0.002070912727272727 0.0005515534343434342 9.148232323232322e-05 1.2829898989898988e-05 2.704141414141414e-06 1.0610101010101013e-06 4.980808080808082e-07 1.4181818181818184e-07 
Envy_avg = 0.0 0.0 0.0 0.02 0.04 0.08 0.02 0.07 0.09 0.08 0.06 
Envy_var = 0.0 0.0 0.0 0.019797979797979794 0.09939393939393937 0.09454545454545454 0.01979797979797979 0.08595959595959592 0.08272727272727277 0.07434343434343435 0.056969696969696976 
Burnt_avg = 2.43 5.21 8.51 11.77 13.53 13.7 12.47 11.37 10.7 9.84 9.14 
Burnt_var = 0.48999999999999994 0.7736363636363638 2.131212121212122 2.4011111111111116 3.2415151515151512 4.5151515151515165 4.756666666666666 4.67989898989899 5.707070707070707 6.277171717171717 3.2731313131313136 

Constant Sample Size 7:
Opt_avg = 228.82136537895516
Opt_var = 0.031097436092994184
Utility_avg = 45.78599275032224 53.646945429410124 62.43388837152451 72.94562710916861 80.91057841408961 90.30253601248779 95.88125555347881 103.4394104965278 107.7787649154845 111.35183162477696 111.58154898490835 
Utility_var = 180.8791713210709 193.4691065705545 173.1442142368164 191.4713101678309 123.49230015292771 141.98608077323922 151.88397996055608 107.11644536063066 40.07978027835962 56.11782101578251 45.16230172612228 
Consistency_avg = 1.0 1.0 1.0 1.0 1.0 1.0 1.0 1.0 1.0 1.0 1.0 
Consistency_var = 0.0 0.0 0.0 0.0 0.0 0.0 0.0 0.0 0.0 0.0 0.0 
Loss_avg = 0.60317 0.35298999999999997 0.18620999999999996 0.09743 0.04533 0.014489999999999998 0.00451 0.00114 0.00039 0.00015000000000000001 5e-05 
Loss_var = 0.007354283939393939 0.006399747373737373 0.003203642323232323 0.001190550606060606 0.00039264757575757577 0.00014518171717171715 2.6535252525252525e-05 2.808484848484849e-06 8.059595959595962e-07 2.095959595959596e-07 4.797979797979799e-08 
Envy_avg = 0.0 0.0 0.0 0.0 0.0 0.01 0.03 0.03 0.02 0.03 0.11 
Envy_var = 0.0 0.0 0.0 0.0 0.0 0.009999999999999998 0.0293939393939394 0.029393939393939396 0.01979797979797979 0.029393939393939396 0.09888888888888892 
Burnt_avg = 2.62 5.14 7.98 10.46 12.67 14.34 14.71 13.83 13.14 12.62 12.88 
Burnt_var = 0.46020202020202017 1.0509090909090908 1.5955555555555554 1.5236363636363635 1.85969696969697 3.4993939393939395 5.238282828282829 5.980909090909089 2.7074747474747465 4.258181818181818 3.6824242424242426 

Constant Sample Size 10:
Opt_avg = 228.82136537895516
Opt_var = 0.031097436092994184
Utility_avg = 31.780342632338506 35.64145260800172 39.439997411550344 46.54715200072054 52.27054077864316 55.20145494675544 56.81760539023956 57.84243069275762 62.39685968410209 67.67275720223581 73.11806715552719 
Utility_var = 94.19259368127297 145.66819196404018 165.4173809072543 129.86782207059585 34.130264943975874 31.599752894262565 59.17619501602868 71.77726927062457 142.62184851467092 182.0544412815573 172.29409332503968 
Consistency_avg = 1.0 1.0 1.0 1.0 1.0 1.0 1.0 1.0 1.0 1.0 1.0 
Consistency_var = 0.0 0.0 0.0 0.0 0.0 0.0 0.0 0.0 0.0 0.0 0.0 
Loss_avg = 0.44670999999999994 0.25944999999999996 0.12945 0.06858 0.03438 0.01521 0.006710000000000001 0.0027400000000000002 0.0010700000000000002 0.00033 7.000000000000001e-05 
Loss_var = 0.010092874646464646 0.004681421717171716 0.0026887348484848487 0.0009424682828282828 0.0002550460606060605 6.339989898989897e-05 2.4814040404040404e-05 5.305454545454546e-06 1.9243434343434343e-06 5.263636363636364e-07 8.595959595959597e-08 
Envy_avg = 0.0 0.0 0.0 0.0 0.0 0.0 0.0 0.0 0.0 0.0 0.0 
Envy_var = 0.0 0.0 0.0 0.0 0.0 0.0 0.0 0.0 0.0 0.0 0.0 
Burnt_avg = 2.81 4.54 6.68 8.57 10.29 12.15 13.51 14.76 15.15 14.85 13.72 
Burnt_var = 0.519090909090909 0.6347474747474747 1.2703030303030303 1.5001010101010097 1.2180808080808083 1.21969696969697 1.6665656565656566 2.74989898989899 7.1388888888888875 13.19949494949495 14.203636363636367 

Uniform Product Distribution:
Opt_avg = 228.82136537895516
Opt_var = 0.031097436092994184
Utility_avg = 27.49029991151358 27.486974737675396 27.487647481807304 27.581150597918903 27.6154845762004 27.615712094284376 27.615733640735392 27.615733640735392 27.615733640735392 27.615733640735392 27.615733640735392 
Utility_var = 0.29576585824050083 0.27292632710146025 0.24128551155969022 0.24707080253339034 0.24708728265800844 0.2472479984987269 0.24726398316534906 0.24726398316534906 0.24726398316534906 0.24726398316534906 0.24726398316534906 
Consistency_avg = 1.0 1.0 1.0 1.0 1.0 1.0 1.0 1.0 1.0 1.0 1.0 
Consistency_var = 0.0 0.0 0.0 0.0 0.0 0.0 0.0 0.0 0.0 0.0 0.0 
Loss_avg = 0.23680999999999996 0.11591 0.06081 0.031259999999999996 0.0184 0.008780000000000001 0.0046500000000000005 0.0024200000000000003 0.0012000000000000001 0.0005400000000000001 0.00029000000000000006 
Loss_var = 0.015093407979797982 0.0033920827272727267 0.0016466403030303029 0.000300780202020202 0.0001288080808080808 3.4132929292929295e-05 9.462121212121214e-06 4.347070707070707e-06 2.040404040404041e-06 6.751515151515152e-07 2.4838383838383844e-07 
Envy_avg = 0.0 0.0 0.0 0.0 0.0 0.0 0.0 0.0 0.0 0.0 0.0 
Envy_var = 0.0 0.0 0.0 0.0 0.0 0.0 0.0 0.0 0.0 0.0 0.0 
Burnt_avg = 2.24 3.29 4.29 5.19 6.01 7.05 8.0 9.06 10.05 10.96 11.96 
Burnt_var = 0.5478787878787879 0.5514141414141415 0.692828282828283 0.7413131313131311 0.7574747474747474 0.6944444444444446 0.5252525252525253 0.8044444444444446 0.9772727272727274 0.8064646464646462 0.8266666666666664 

