Constant Sample Size 1:
Opt_avg = 224.36630344589943
Opt_var = 0.03290451442517074
Utility_avg = 40.637744321145675 61.948262783926275 96.71654345374834 148.5221492552687 192.99534067137105 206.2054912856055 206.6750559007216 206.72430456352348 206.72430456352348 206.72430456352348 206.72430456352348 
Utility_var = 8.401144322128962 26.184674392796136 77.5486035421654 104.55314046075854 63.522406608708366 1.0165843732069073 0.12004657434433604 8.159530979255719e-28 8.159530979255719e-28 8.159530979255719e-28 8.159530979255719e-28 
Consistency_avg = 1.0 1.0 1.0 1.0 1.0 1.0 1.0 1.0 1.0 1.0 1.0 
Consistency_var = 0.0 0.0 0.0 0.0 0.0 0.0 0.0 0.0 0.0 0.0 0.0 
Loss_avg = 0.8840899999999999 0.78187 0.61189 0.3657 0.13067 0.011569999999999999 0.00048 0.0 0.0 0.0 0.0 
Loss_var = 0.0003421433333333338 0.0006944374747474747 0.001597917070707071 0.0027686363636363633 0.0022282435353535354 0.0003562475757575758 1.1484444444444445e-05 0.0 0.0 0.0 0.0 
Envy_avg = 0.12 0.31 0.56 1.57 6.51 1.42 0.0 0.0 0.0 0.0 0.0 
Envy_var = 0.12686868686868688 0.4584848484848485 0.8751515151515151 5.197070707070706 52.777676767676766 28.831919191919187 0.0 0.0 0.0 0.0 0.0 
Burnt_avg = 0.0 0.0 0.0 0.0 0.0 0.0 0.0 0.0 0.0 0.0 0.0 
Burnt_var = 0.0 0.0 0.0 0.0 0.0 0.0 0.0 0.0 0.0 0.0 0.0 

Constant Sample Size 3:
Opt_avg = 224.36630344589943
Opt_var = 0.03290451442517074
Utility_avg = 48.56779003564071 72.67023013028141 96.76511386060665 118.02321151359627 132.47613583339097 141.2875319051605 149.89134761550034 153.52184512187264 157.04247611933715 158.93294905932228 160.74113520044028 
Utility_var = 113.11639933192505 117.85554295409592 162.48332970329233 178.88278540225707 112.24109513580579 92.55952496095637 90.68197958739596 65.71497536304241 53.773156014919245 56.97885536687734 66.3356436048678 
Consistency_avg = 1.0 1.0 1.0 1.0 1.0 1.0 1.0 1.0 1.0 1.0 1.0 
Consistency_var = 0.0 0.0 0.0 0.0 0.0 0.0 0.0 0.0 0.0 0.0 0.0 
Loss_avg = 0.8683 0.6702700000000001 0.38396 0.15897000000000003 0.03828 0.00973 0.00502 0.0024500000000000004 0.00135 0.00057 0.00029000000000000006 
Loss_var = 0.0026523333333333334 0.0029796536363636363 0.0034369074747474743 0.003940958686868687 0.0008095975757575757 0.00014975464646464645 2.309050505050505e-05 5.340909090909091e-06 3.805555555555555e-06 1.1364646464646466e-06 3.897979797979799e-07 
Envy_avg = 0.0 0.0 0.03 0.31 0.72 1.18 0.87 0.78 0.37 0.28 0.12 
Envy_var = 0.0 0.0 0.0293939393939394 0.5796969696969696 1.0925252525252525 1.7854545454545454 1.0435353535353533 0.7591919191919192 0.33646464646464647 0.32484848484848483 0.12686868686868685 
Burnt_avg = 1.64 4.24 8.56 12.15 13.14 12.4 11.09 10.62 10.23 9.93 9.66 
Burnt_var = 0.6367676767676769 1.0933333333333335 1.905454545454546 4.876262626262627 4.303434343434343 3.535353535353536 3.678686868686868 2.4400000000000004 2.1788888888888893 2.5102020202020197 2.166060606060606 

Constant Sample Size 5:
Opt_avg = 224.36630344589943
Opt_var = 0.03290451442517074
Utility_avg = 39.76089517995905 52.17862097772709 61.17320592758088 70.80588734089541 79.6739127969283 86.9973442964878 92.78890009932238 97.18996255861025 102.8322267668404 106.5289507471997 111.08871357180388 
Utility_var = 124.14741831346866 102.95131188642242 102.17796625338514 72.86921287441584 60.3673792849607 60.897957698856864 45.756655899880016 35.85371492956463 54.98620571182562 58.61232142127259 30.534418880363972 
Consistency_avg = 1.0 1.0 1.0 1.0 1.0 1.0 1.0 1.0 1.0 1.0 1.0 
Consistency_var = 0.0 0.0 0.0 0.0 0.0 0.0 0.0 0.0 0.0 0.0 0.0 
Loss_avg = 0.73015 0.4804 0.25485 0.12514999999999998 0.03799 0.00818 0.00221 0.0012400000000000002 0.00047 0.00010999999999999999 4e-05 
Loss_var = 0.004342128787878787 0.004641434343434345 0.0039587348484848486 0.001553098484848485 0.0005416867676767676 9.148242424242425e-05 9.884747474747477e-06 3.1135353535353546e-06 7.364646464646465e-07 1.3929292929292928e-07 5.8989898989899005e-08 
Envy_avg = 0.0 0.0 0.0 0.01 0.01 0.06 0.06 0.09 0.17 0.17 0.17 
Envy_var = 0.0 0.0 0.0 0.009999999999999998 0.009999999999999998 0.05696969696969697 0.056969696969696976 0.10292929292929294 0.3647474747474748 0.16272727272727272 0.16272727272727275 
Burnt_avg = 2.34 5.1 8.78 11.76 13.8 13.79 12.75 11.76 10.8 10.25 9.25 
Burnt_var = 0.4488888888888888 0.9393939393939392 1.9915151515151515 1.9216161616161618 2.98989898989899 4.894848484848484 4.351010101010101 2.83070707070707 3.8181818181818175 4.148989898989899 2.007575757575758 

Constant Sample Size 7:
Opt_avg = 224.36630344589943
Opt_var = 0.03290451442517074
Utility_avg = 29.40859889791534 34.37210018358931 40.8770719910695 47.43613831848728 51.724423044272314 57.77066443314759 60.91549396228016 65.80461289100576 69.30697856874757 70.5851038977796 71.92915664065676 
Utility_var = 84.4460858825578 64.31562819636385 82.88763312910147 74.0129737051385 37.25958346153345 60.974087020538036 67.55733047692418 47.30515465871148 16.301723469914084 19.0356830106196 32.61781334221053 
Consistency_avg = 1.0 1.0 1.0 1.0 1.0 1.0 1.0 1.0 1.0 1.0 1.0 
Consistency_var = 0.0 0.0 0.0 0.0 0.0 0.0 0.0 0.0 0.0 0.0 0.0 
Loss_avg = 0.59968 0.35085 0.19578000000000004 0.09537 0.04176000000000001 0.014400000000000001 0.0044 0.00097 0.00023 5e-05 1e-05 
Loss_var = 0.007315149090909089 0.007595704545454546 0.004045001616161617 0.0010407809090909092 0.00031800242424242424 0.00014197979797979797 2.098989898989899e-05 2.5950505050505046e-06 5.425252525252527e-07 1.287878787878788e-07 1e-08 
Envy_avg = 0.0 0.0 0.0 0.0 0.0 0.0 0.0 0.0 0.01 0.01 0.02 
Envy_var = 0.0 0.0 0.0 0.0 0.0 0.0 0.0 0.0 0.009999999999999998 0.009999999999999998 0.019797979797979794 
Burnt_avg = 2.65 5.19 7.78 10.38 12.88 14.12 14.43 13.59 12.64 12.32 11.79 
Burnt_var = 0.45202020202020204 1.2261616161616162 1.82989898989899 1.3894949494949496 1.8642424242424245 3.258181818181818 6.227373737373737 6.527171717171718 3.0206060606060583 3.553131313131314 5.803939393939395 

Constant Sample Size 10:
Opt_avg = 224.36630344589943
Opt_var = 0.03290451442517074
Utility_avg = 20.163369198544284 22.265911825742286 24.556685633711727 29.567952111606147 32.76402909443155 34.62378825807542 35.75098621740514 36.244830147026796 38.59388167802391 42.27529406181529 46.269932480796086 
Utility_var = 35.01602897482794 53.44637072622111 63.449995600882275 50.345597053427724 20.35340067701219 12.335363074109893 20.539091880670767 25.118509654409976 51.707404228717984 75.38605661851756 68.2012483020121 
Consistency_avg = 1.0 1.0 1.0 1.0 1.0 1.0 1.0 1.0 1.0 1.0 1.0 
Consistency_var = 0.0 0.0 0.0 0.0 0.0 0.0 0.0 0.0 0.0 0.0 0.0 
Loss_avg = 0.44671999999999995 0.24703999999999998 0.13441 0.07028999999999999 0.03481 0.014799999999999997 0.007110000000000001 0.00289 0.0010400000000000001 0.00046000000000000007 0.00010000000000000002 
Loss_var = 0.011041294545454548 0.0035232711111111113 0.0036423251515151516 0.0010131978787878788 0.0002919130303030303 6.18989898989899e-05 2.205848484848485e-05 6.947373737373739e-06 1.6347474747474746e-06 1.0185858585858586e-06 1.5151515151515152e-07 
Envy_avg = 0.0 0.0 0.0 0.0 0.0 0.0 0.0 0.0 0.0 0.0 0.0 
Envy_var = 0.0 0.0 0.0 0.0 0.0 0.0 0.0 0.0 0.0 0.0 0.0 
Burnt_avg = 2.81 4.66 6.62 8.49 10.26 12.14 13.55 14.94 15.28 14.55 13.03 
Burnt_var = 0.5594949494949494 0.5296969696969697 1.45010101010101 1.4645454545454544 1.3256565656565658 1.1115151515151513 1.8863636363636365 3.1882828282828286 8.668282828282829 16.250000000000004 18.211212121212128 

Uniform Product Distribution:
Opt_avg = 224.36630344589943
Opt_var = 0.03290451442517074
Utility_avg = 17.64346304586882 17.690814838410567 17.720519972226835 17.738015234878272 17.74412017046069 17.74412017046069 17.74412017046069 17.74412017046069 17.92021032760948 17.92021032760948 18.078012607930443 
Utility_var = 0.12855792092180524 0.10832338312249215 0.09502739094745791 0.08386287554706688 0.08194347580966749 0.08194347580966749 0.08194347580966749 0.08194347580966749 3.2348567510087682 3.2348567510087682 5.4909327112367565 
Consistency_avg = 1.0 1.0 1.0 1.0 1.0 1.0 1.0 1.0 1.0 1.0 1.0 
Consistency_var = 0.0 0.0 0.0 0.0 0.0 0.0 0.0 0.0 0.0 0.0 0.0 
Loss_avg = 0.24536999999999998 0.12196 0.06706000000000001 0.0337 0.018379999999999997 0.00863 0.004550000000000001 0.0021000000000000003 0.00114 0.0005600000000000001 0.00025 
Loss_var = 0.01705621525252525 0.0035696347474747465 0.0017441579797979794 0.0004095858585858586 0.0001193086868686869 3.249808080808081e-05 1.5825757575757577e-05 3.3838383838383836e-06 1.3135353535353534e-06 5.115151515151515e-07 2.5000000000000004e-07 
Envy_avg = 0.0 0.0 0.0 0.0 0.0 0.0 0.0 0.0 0.01 0.01 0.0 
Envy_var = 0.0 0.0 0.0 0.0 0.0 0.0 0.0 0.0 0.009999999999999998 0.009999999999999998 0.0 
Burnt_avg = 2.21 3.2 4.13 5.12 5.97 7.01 8.04 9.08 10.02 11.02 11.92 
Burnt_var = 0.5918181818181819 0.5252525252525252 0.6394949494949494 0.8137373737373739 0.8172727272727273 0.6766666666666667 0.786262626262626 0.7612121212121212 0.8076767676767678 0.8682828282828283 0.7814141414141416 

