Constant Sample Size 1:
Opt_avg = 224.66076998903733
Opt_var = 0.02984804525727518
Utility_avg = 73.01681224399621 94.09498201602003 127.46123119740486 172.70713139552612 198.21973577731777 205.71218910360562 206.18166809359252 206.23110385168968 206.23110385168968 206.23110385168968 206.23110385168968 
Utility_var = 10.854758624489488 31.71098069565497 76.50284310762734 76.11502091336473 22.06913874310565 1.0219318425358994 0.12096041894279352 3.2638123917022874e-27 3.2638123917022874e-27 3.2638123917022874e-27 3.2638123917022874e-27 
Consistency_avg = 1.0 1.0 1.0 1.0 1.0 1.0 1.0 1.0 1.0 1.0 1.0 
Consistency_var = 0.0 0.0 0.0 0.0 0.0 0.0 0.0 0.0 0.0 0.0 0.0 
Loss_avg = 0.8840899999999999 0.78187 0.61189 0.3657 0.13067 0.011569999999999999 0.00048 0.0 0.0 0.0 0.0 
Loss_var = 0.0003421433333333338 0.0006944374747474747 0.001597917070707071 0.0027686363636363633 0.0022282435353535354 0.0003562475757575758 1.1484444444444445e-05 0.0 0.0 0.0 0.0 
Envy_avg = 0.12 0.31 0.56 1.57 6.51 1.42 0.0 0.0 0.0 0.0 0.0 
Envy_var = 0.12686868686868688 0.4584848484848485 0.8751515151515151 5.197070707070706 52.777676767676766 28.831919191919187 0.0 0.0 0.0 0.0 0.0 
Burnt_avg = 0.0 0.0 0.0 0.0 0.0 0.0 0.0 0.0 0.0 0.0 0.0 
Burnt_var = 0.0 0.0 0.0 0.0 0.0 0.0 0.0 0.0 0.0 0.0 0.0 

Constant Sample Size 3:
Opt_avg = 224.66076998903733
Opt_var = 0.02984804525727518
Utility_avg = 80.2177472973819 102.15328113596621 118.87997750237362 129.05805924406607 134.57790075511838 142.33817162936023 147.36120616110372 148.96851573027448 151.1704625239323 154.16241414748933 155.03612872284413 
Utility_var = 110.21130104060549 112.86173517432644 148.22436378923373 146.83436531415052 139.80255069435134 205.79728352322064 153.06065991917654 128.90644418175873 107.90637079556873 145.0688273211026 116.20853294451418 
Consistency_avg = 1.0 1.0 1.0 1.0 1.0 1.0 1.0 1.0 1.0 1.0 1.0 
Consistency_var = 0.0 0.0 0.0 0.0 0.0 0.0 0.0 0.0 0.0 0.0 0.0 
Loss_avg = 0.86931 0.6676199999999999 0.38242000000000004 0.15659 0.040069999999999995 0.012529999999999996 0.0053100000000000005 0.0024800000000000004 0.00091 0.00055 0.00026000000000000003 
Loss_var = 0.0027253473737373743 0.0029398541414141417 0.003910286464646465 0.003542789797979798 0.0008229950505050505 0.0001905950505050505 2.9428181818181818e-05 8.151111111111111e-06 1.3958585858585861e-06 9.368686868686868e-07 4.165656565656567e-07 
Envy_avg = 0.0 0.02 0.06 0.25 0.67 0.96 0.93 0.78 0.43 0.29 0.16 
Envy_var = 0.0 0.019797979797979787 0.07717171717171716 0.39141414141414144 1.556666666666667 1.735757575757576 1.1768686868686868 0.7995959595959595 0.48999999999999994 0.28878787878787876 0.13575757575757577 
Burnt_avg = 1.64 4.3 8.59 12.07 12.96 12.05 11.4 11.22 11.11 10.55 10.49 
Burnt_var = 0.6367676767676769 1.121212121212121 2.1837373737373733 4.9950505050505045 5.675151515151514 8.047979797979798 5.898989898989899 4.637979797979798 3.8564646464646457 5.07828282828283 4.090808080808081 

Constant Sample Size 5:
Opt_avg = 224.66076998903733
Opt_var = 0.02984804525727518
Utility_avg = 77.19600647661792 90.73882105748395 106.23488881426869 114.660329782536 121.33758256814274 125.77834247617805 133.29663243432108 140.9833990776248 145.37103123547513 151.30223253170595 155.86132017301358 
Utility_var = 177.3327980734837 206.71921492706952 184.04527199363116 93.64600140981861 85.35591970361077 82.16223926970302 73.62035793158364 92.03930543458254 113.1413625217138 138.63344390328996 84.77683747837908 
Consistency_avg = 1.0 1.0 1.0 1.0 1.0 1.0 1.0 1.0 1.0 1.0 1.0 
Consistency_var = 0.0 0.0 0.0 0.0 0.0 0.0 0.0 0.0 0.0 0.0 0.0 
Loss_avg = 0.72087 0.47235 0.26945 0.12406000000000002 0.03987 0.00795 0.0028400000000000005 0.00114 0.00058 0.00041 0.00017 
Loss_var = 0.0052829829292929285 0.004047340909090909 0.004440613636363637 0.0019572488888888887 0.00056969 8.768434343434343e-05 1.5549898989898992e-05 1.8185858585858582e-06 1.0541414141414144e-06 6.887878787878786e-07 1.8292929292929293e-07 
Envy_avg = 0.0 0.0 0.0 0.02 0.05 0.08 0.04 0.06 0.08 0.13 0.09 
Envy_var = 0.0 0.0 0.0 0.019797979797979794 0.1287878787878787 0.09454545454545454 0.038787878787878795 0.07717171717171717 0.07434343434343434 0.11424242424242423 0.12313131313131322 
Burnt_avg = 2.43 5.21 8.51 11.77 13.64 13.85 12.67 11.59 10.91 9.94 9.2 
Burnt_var = 0.48999999999999994 0.7736363636363638 2.131212121212122 2.3001010101010104 2.8791919191919195 4.5732323232323235 4.506161616161616 4.365555555555556 5.274646464646465 5.9559595959595955 3.151515151515151 

Constant Sample Size 7:
Opt_avg = 224.66076998903733
Opt_var = 0.02984804525727518
Utility_avg = 67.1806440875627 75.75937720816356 86.52877392929071 95.92189077465281 102.67244837161049 112.57558392917423 118.45976386869535 128.05771087533628 134.2362742466354 137.7848618600741 142.28761118531432 
Utility_var = 175.09848985928255 203.65252148777495 188.69358492027914 203.01221153340938 168.4249315874204 145.4093686979583 169.89966943045528 147.63292826809007 72.24674973679356 43.3786295098538 85.92548040795444 
Consistency_avg = 1.0 1.0 1.0 1.0 1.0 1.0 1.0 1.0 1.0 1.0 1.0 
Consistency_var = 0.0 0.0 0.0 0.0 0.0 0.0 0.0 0.0 0.0 0.0 0.0 
Loss_avg = 0.59881 0.35846999999999996 0.19286999999999996 0.0934 0.040089999999999994 0.014080000000000002 0.00421 0.00095 0.00026000000000000003 0.00014000000000000001 9e-05 
Loss_var = 0.008900195858585858 0.0067601102020202015 0.003923669797979798 0.0015797171717171724 0.00038032515151515154 0.0001313672727272727 3.3803939393939394e-05 3.3207070707070716e-06 2.953535353535353e-07 1.6202020202020198e-07 8.272727272727276e-08 
Envy_avg = 0.0 0.0 0.0 0.0 0.0 0.0 0.0 0.0 0.01 0.03 0.0 
Envy_var = 0.0 0.0 0.0 0.0 0.0 0.0 0.0 0.0 0.009999999999999998 0.0293939393939394 0.0 
Burnt_avg = 2.67 5.09 7.88 10.57 12.94 14.17 14.51 13.36 12.68 12.46 11.69 
Burnt_var = 0.5667676767676769 1.012020202020202 1.6420202020202017 1.7425252525252528 1.9963636363636361 3.415252525252525 6.8382828282828285 6.091313131313131 2.987474747474748 2.1903030303030304 6.054444444444444 

Constant Sample Size 10:
Opt_avg = 224.66076998903733
Opt_var = 0.02984804525727518
Utility_avg = 55.01259052826867 58.916413412092176 63.191328732079064 74.23541617510013 80.64765212122042 84.92377108947954 90.34005031447512 90.18904451519334 95.53651049326996 101.09127529095595 113.1536802607927 
Utility_var = 138.83262504915442 215.8904005104085 258.8115133093273 210.37932667545888 117.68332362494307 28.405519690435707 142.36817594453692 121.96543772886247 218.29846767980496 317.9516220672221 317.3687931458665 
Consistency_avg = 1.0 1.0 1.0 1.0 1.0 1.0 1.0 1.0 1.0 1.0 1.0 
Consistency_var = 0.0 0.0 0.0 0.0 0.0 0.0 0.0 0.0 0.0 0.0 0.0 
Loss_avg = 0.4404199999999999 0.26574000000000003 0.14052 0.06841000000000001 0.033560000000000006 0.01494 0.00686 0.0031400000000000004 0.0012100000000000001 0.00062 9e-05 
Loss_var = 0.0092186298989899 0.005778537777777777 0.002610009696969697 0.000833880707070707 0.00033176404040404043 9.25620202020202e-05 2.6889292929292926e-05 5.818585858585858e-06 1.5817171717171715e-06 9.248484848484851e-07 1.2313131313131315e-07 
Envy_avg = 0.0 0.0 0.0 0.0 0.0 0.0 0.0 0.0 0.0 0.0 0.0 
Envy_var = 0.0 0.0 0.0 0.0 0.0 0.0 0.0 0.0 0.0 0.0 0.0 
Burnt_avg = 2.83 4.48 6.47 8.49 10.42 12.19 13.36 14.94 15.47 15.41 13.72 
Burnt_var = 0.46575757575757576 0.7975757575757576 1.1203030303030306 1.3433333333333337 1.5591919191919192 1.3473737373737373 2.2327272727272733 3.2286868686868684 7.0596969696969705 12.547373737373734 17.213737373737377 

Uniform Product Distribution:
Opt_avg = 224.66076998903733
Opt_var = 0.02984804525727518
Utility_avg = 49.99938876380088 49.976639177963115 49.88304143933683 49.99015553626268 50.092502122730465 50.1594476131421 50.250727460296396 50.31938782602518 50.33545526968747 50.35047368471228 50.35258478811687 
Utility_var = 0.9193365461934364 0.8025893644569957 0.8505986024419738 0.7763655514620837 0.714607530836327 0.6723609104865699 0.6674938970578763 0.6479990191360478 0.6514166750264407 0.6539801852818091 0.6559363877979584 
Consistency_avg = 1.0 1.0 1.0 1.0 1.0 1.0 1.0 1.0 1.0 1.0 1.0 
Consistency_var = 0.0 0.0 0.0 0.0 0.0 0.0 0.0 0.0 0.0 0.0 0.0 
Loss_avg = 0.23506999999999997 0.1226 0.06796 0.03424 0.0172 0.008620000000000001 0.004620000000000001 0.00228 0.0013 0.0006200000000000001 0.00026000000000000003 
Loss_var = 0.013103782929292932 0.0038365050505050507 0.0017791498989898989 0.00040792161616161625 8.33939393939394e-05 4.690464646464645e-05 1.1793535353535356e-05 4.4864646464646476e-06 1.9696969696969695e-06 6.622222222222225e-07 3.55959595959596e-07 
Envy_avg = 0.0 0.0 0.0 0.0 0.0 0.0 0.0 0.0 0.0 0.0 0.0 
Envy_var = 0.0 0.0 0.0 0.0 0.0 0.0 0.0 0.0 0.0 0.0 0.0 
Burnt_avg = 2.23 3.19 4.12 5.04 6.05 7.13 8.02 9.02 9.93 11.0 11.9 
Burnt_var = 0.4617171717171718 0.519090909090909 0.6319191919191921 0.6650505050505051 0.5934343434343434 0.8617171717171719 0.7672727272727272 0.6258585858585858 0.9344444444444445 0.8080808080808081 0.696969696969697 

