Constant Sample Size 1:
Opt_avg = 278.0015473142334
Opt_var = 0.04120933800611214
Utility_avg = 50.83509765176912 71.65852744283806 111.53801547814419 168.4253832714246 194.17791145957239 185.52260843497945 182.67821813548903 182.67906133346503 182.67906133346503 182.67906133346503 182.67906133346503 
Utility_var = 6.75605837624906 17.870113004994266 53.31057743071074 87.52478934849418 59.39126718246144 15.689028043902503 0.13770316708701738 0.11286926477644953 0.11286926477644953 0.11286926477644953 0.11286926477644953 
Consistency_avg = 1.0 1.0 1.0 1.0 1.0 1.0 1.0 1.0 1.0 1.0 1.0 
Consistency_var = 0.0 0.0 0.0 0.0 0.0 0.0 0.0 0.0 0.0 0.0 0.0 
Loss_avg = 0.9042 0.8180399999999999 0.67322 0.4375500000000001 0.14198999999999998 0.01934 0.0007300000000000001 0.0 0.0 0.0 0.0 
Loss_var = 0.0001619797979797982 0.00048230141414141303 0.0008741329292929285 0.0031997449494949493 0.002673868585858586 0.0004977014141414143 1.951222222222222e-05 0.0 0.0 0.0 0.0 
Envy_avg = 0.21 0.35 0.83 1.65 4.49 4.66 0.01 0.0 0.0 0.0 0.0 
Envy_var = 0.4100000000000001 0.6742424242424244 2.102121212121211 4.391414141414141 21.44434343434343 48.32767676767677 0.009999999999999998 0.0 0.0 0.0 0.0 
Burnt_avg = 0.0 0.0 0.0 0.0 0.0 0.0 0.0 0.0 0.0 0.0 0.0 
Burnt_var = 0.0 0.0 0.0 0.0 0.0 0.0 0.0 0.0 0.0 0.0 0.0 

Constant Sample Size 3:
Opt_avg = 278.0015473142334
Opt_var = 0.04120933800611214
Utility_avg = 62.86760706054193 91.56162035935995 120.23901555766288 142.08235187161256 154.49103018196053 165.14696678640658 172.05976574150702 180.1557525624452 185.3384735087933 190.44580383696808 193.11169848148177 
Utility_var = 112.58762468109765 242.75026827526685 201.20280364927314 134.52898620743392 177.08327655241337 144.31411385710183 139.222834359104 103.85956116988238 77.90398907903551 58.51655018375615 54.64824472529394 
Consistency_avg = 1.0 1.0 1.0 1.0 1.0 1.0 1.0 1.0 1.0 1.0 1.0 
Consistency_var = 0.0 0.0 0.0 0.0 0.0 0.0 0.0 0.0 0.0 0.0 0.0 
Loss_avg = 0.91865 0.7562399999999999 0.47879000000000005 0.21406000000000003 0.05493000000000001 0.01049 0.0035700000000000003 0.0016100000000000003 0.00072 0.0004100000000000001 0.00020999999999999998 
Loss_var = 0.0017380883838383839 0.00312555797979798 0.003645985757575758 0.003924380202020202 0.0009636819191919193 0.00012168676767676768 1.63889898989899e-05 4.119090909090909e-06 1.7793939393939396e-06 7.291919191919189e-07 2.6858585858585855e-07 
Envy_avg = 0.0 0.01 0.22 0.89 1.44 2.09 2.15 1.39 0.95 0.75 0.33 
Envy_var = 0.0 0.009999999999999998 0.4561616161616162 1.8968686868686873 2.2286868686868684 3.577676767676767 2.9166666666666665 1.8564646464646464 0.9368686868686869 0.6944444444444444 0.3243434343434343 
Burnt_avg = 1.23 3.88 9.05 14.75 18.05 17.18 16.26 15.21 14.41 13.53 13.13 
Burnt_var = 0.6031313131313133 1.3995959595959597 2.310606060606061 5.1186868686868685 6.856060606060606 5.9672727272727295 5.467070707070707 3.8645454545454543 3.1130303030303024 2.11020202020202 1.811212121212121 

Constant Sample Size 5:
Opt_avg = 278.0015473142334
Opt_var = 0.04120933800611214
Utility_avg = 59.38444682741192 79.36319647622423 100.70174957177865 121.82568686271074 136.66136354262312 151.32928109822535 162.96141999920994 171.97234153906504 179.9757211534 186.01537029496535 191.14369390091005 
Utility_var = 169.99869475311965 242.13829448539724 198.33514942234575 203.97285481531136 233.63018818037597 150.03081593673517 145.42750425842698 125.49729309263722 96.92383404287382 67.91918856797294 68.97862700508635 
Consistency_avg = 1.0 1.0 1.0 1.0 1.0 1.0 1.0 1.0 1.0 1.0 1.0 
Consistency_var = 0.0 0.0 0.0 0.0 0.0 0.0 0.0 0.0 0.0 0.0 0.0 
Loss_avg = 0.79449 0.56418 0.33627 0.15835000000000002 0.058359999999999995 0.01584 0.00266 0.00116 0.00030000000000000003 0.00028000000000000003 9e-05 
Loss_var = 0.0035294241414141423 0.003780330909090908 0.003228643535353535 0.0016395833333333338 0.0008195458585858587 0.00017451959595959595 1.0408484848484846e-05 2.8832323232323236e-06 3.737373737373739e-07 3.0464646464646455e-07 1.2313131313131318e-07 
Envy_avg = 0.0 0.0 0.0 0.03 0.09 0.11 0.23 0.25 0.2 0.18 0.19 
Envy_var = 0.0 0.0 0.0 0.029393939393939396 0.08272727272727277 0.09888888888888892 0.3607070707070707 0.2904040404040404 0.20202020202020202 0.18949494949494947 0.1756565656565657 
Burnt_avg = 2.14 5.15 9.19 13.68 17.18 17.84 16.97 15.47 14.18 13.1 12.15 
Burnt_var = 0.4448484848484847 0.8964646464646467 1.6504040404040408 2.5632323232323233 2.9975757575757576 4.782222222222222 6.433434343434344 5.928383838383839 5.361212121212121 3.888888888888889 4.613636363636363 

Constant Sample Size 7:
Opt_avg = 278.0015473142334
Opt_var = 0.04120933800611214
Utility_avg = 46.319962556425004 60.00217350588773 71.80680101979286 83.22701113448133 95.39450037265864 105.80600956180984 114.51565297490383 119.44677306543377 126.88405483346018 133.16148394249385 136.33883015198663 
Utility_var = 241.83736325959433 224.41171367274828 222.34950409391507 183.7463719025917 170.60268367745448 121.38085526532878 108.7176327535964 95.5348542743227 111.4041810727048 96.49676850297023 121.29998113982579 
Consistency_avg = 1.0 1.0 1.0 1.0 1.0 1.0 1.0 1.0 1.0 1.0 1.0 
Consistency_var = 0.0 0.0 0.0 0.0 0.0 0.0 0.0 0.0 0.0 0.0 0.0 
Loss_avg = 0.65809 0.43382 0.25653000000000004 0.12733 0.056670000000000005 0.022599999999999995 0.0060999999999999995 0.00096 0.00018 0.0001 7.000000000000001e-05 
Loss_var = 0.006469214040404039 0.004899866262626263 0.00518718090909091 0.0013433748484848484 0.0006394556565656566 0.00013909090909090908 4.3848484848484845e-05 4.038787878787878e-06 2.2989898989898992e-07 9.090909090909089e-08 6.575757575757577e-08 
Envy_avg = 0.0 0.0 0.0 0.0 0.0 0.01 0.0 0.0 0.07 0.07 0.09 
Envy_var = 0.0 0.0 0.0 0.0 0.0 0.009999999999999998 0.0 0.0 0.06575757575757575 0.06575757575757575 0.10292929292929294 
Burnt_avg = 2.76 5.35 8.41 12.03 15.37 17.62 18.31 18.31 16.65 15.32 14.78 
Burnt_var = 0.5882828282828282 0.7954545454545456 2.203939393939394 1.968787878787879 2.6394949494949502 2.581414141414142 5.448383838383837 8.216060606060605 9.13888888888889 5.876363636363638 7.4662626262626235 

Constant Sample Size 10:
Opt_avg = 278.0015473142334
Opt_var = 0.04120933800611214
Utility_avg = 32.544881000885546 40.135046458569306 48.62843503957255 51.55927593641682 55.96803051984294 61.66415415034048 68.71688055405062 76.2895210872534 80.4363996881648 83.13755150695847 84.97086373618636 
Utility_var = 107.50170174507893 147.13369001307683 119.65669439629794 52.51395257754581 90.12329898095521 161.184100525817 176.30207076555928 109.82202986178117 39.16824479989792 31.029880906116635 62.38869904370867 
Consistency_avg = 1.0 1.0 1.0 1.0 1.0 1.0 1.0 1.0 1.0 1.0 1.0 
Consistency_var = 0.0 0.0 0.0 0.0 0.0 0.0 0.0 0.0 0.0 0.0 0.0 
Loss_avg = 0.51793 0.30706000000000006 0.17427999999999996 0.08893 0.04343999999999999 0.01962 0.00891 0.0034200000000000007 0.0008600000000000001 0.00013000000000000002 0.0 
Loss_var = 0.009612247575757576 0.007760198383838384 0.0033120622222222226 0.001055621313131313 0.00032556202020202023 8.682383838383836e-05 2.5092828282828287e-05 8.892525252525253e-06 2.1418181818181815e-06 2.3545454545454552e-07 0.0 
Envy_avg = 0.0 0.0 0.0 0.0 0.0 0.0 0.0 0.0 0.0 0.0 0.0 
Envy_var = 0.0 0.0 0.0 0.0 0.0 0.0 0.0 0.0 0.0 0.0 0.0 
Burnt_avg = 2.93 5.17 7.41 9.92 12.3 14.71 16.8 18.26 19.35 19.48 19.1 
Burnt_var = 0.5708080808080809 1.2334343434343438 1.395858585858586 1.4682828282828284 1.5858585858585856 1.541313131313131 1.353535353535353 1.467070707070707 1.3611111111111112 3.7672727272727276 7.565656565656566 

Uniform Product Distribution:
Opt_avg = 278.0015473142334
Opt_var = 0.04120933800611214
Utility_avg = 26.787116740031294 26.797550447814228 26.833738997923373 26.850879320136745 26.88472998676577 26.890238834311955 26.890249296521205 26.890249296521205 26.890249296521205 26.890249296521205 26.890249296521205 
Utility_var = 0.29658270595129466 0.2613008755345367 0.24289853453864518 0.24894126268186215 0.2512648218303063 0.2526640618067347 0.25267249361137917 0.25267249361137917 0.25267249361137917 0.25267249361137917 0.25267249361137917 
Consistency_avg = 1.0 1.0 1.0 1.0 1.0 1.0 1.0 1.0 1.0 1.0 1.0 
Consistency_var = 0.0 0.0 0.0 0.0 0.0 0.0 0.0 0.0 0.0 0.0 0.0 
Loss_avg = 0.24431000000000005 0.13788 0.06863000000000001 0.03685000000000001 0.017509999999999998 0.008320000000000001 0.004690000000000001 0.0021200000000000004 0.0009100000000000002 0.00063 0.00032 
Loss_var = 0.01163732717171717 0.004584995555555556 0.0012294071717171718 0.0004193005050505051 0.0001740706060606061 3.207838383838384e-05 1.3549393939393935e-05 2.9753535353535355e-06 1.0524242424242425e-06 8.819191919191918e-07 3.410101010101011e-07 
Envy_avg = 0.0 0.0 0.0 0.0 0.0 0.0 0.0 0.0 0.0 0.0 0.0 
Envy_var = 0.0 0.0 0.0 0.0 0.0 0.0 0.0 0.0 0.0 0.0 0.0 
Burnt_avg = 2.16 3.04 4.06 4.99 6.07 7.12 8.04 9.04 10.13 10.95 12.04 
Burnt_var = 0.378181818181818 0.5842424242424242 0.6630303030303031 0.5958585858585859 0.7728282828282832 0.8945454545454548 0.9074747474747472 0.7256565656565654 0.7607070707070706 0.7752525252525254 0.7256565656565654 

