Constant Sample Size 1:
Opt_avg = 276.40130383987326
Opt_var = 0.15828927632290893
Utility_avg = 74.85373319995891 95.25364136128628 133.33616542013135 185.2905007687949 207.04884004020244 197.05058181213843 194.705881704721 194.70618103092636 194.70618103092636 194.70618103092636 194.70618103092636 
Utility_var = 11.508962737992771 25.872968560840082 54.04816598588005 84.9115397390012 91.58079720667611 17.307772070816398 6.057756191223429 5.993037947280182 5.993037947280182 5.993037947280182 5.993037947280182 
Consistency_avg = 1.0 1.0 1.0 1.0 1.0 1.0 1.0 1.0 1.0 1.0 1.0 
Consistency_var = 0.0 0.0 0.0 0.0 0.0 0.0 0.0 0.0 0.0 0.0 0.0 
Loss_avg = 0.9042 0.8180399999999999 0.67322 0.4375500000000001 0.14198999999999998 0.01934 0.0007300000000000001 0.0 0.0 0.0 0.0 
Loss_var = 0.0001619797979797982 0.00048230141414141303 0.0008741329292929285 0.0031997449494949493 0.002673868585858586 0.0004977014141414143 1.951222222222222e-05 0.0 0.0 0.0 0.0 
Envy_avg = 0.21 0.35 0.83 1.65 4.27 4.66 0.01 0.0 0.0 0.0 0.0 
Envy_var = 0.4100000000000001 0.6742424242424244 2.102121212121211 4.391414141414141 20.441515151515155 48.32767676767677 0.009999999999999998 0.0 0.0 0.0 0.0 
Burnt_avg = 0.0 0.0 0.0 0.0 0.0 0.0 0.0 0.0 0.0 0.0 0.0 
Burnt_var = 0.0 0.0 0.0 0.0 0.0 0.0 0.0 0.0 0.0 0.0 0.0 

Constant Sample Size 3:
Opt_avg = 276.40130383987326
Opt_var = 0.15828927632290893
Utility_avg = 86.29895947807795 114.15919019373639 139.3172304646476 151.77908693401005 153.98872913782952 163.60244388655127 172.3092676257156 178.21706493387956 183.15007025069602 186.75347547444417 189.86308194818943 
Utility_var = 113.25543103046108 241.25754664027667 180.1323923144146 108.79909501161995 163.0414337073056 129.6065434807837 135.984251250758 117.08928173126024 94.46974554411074 83.32871095456616 93.72558354747763 
Consistency_avg = 1.0 1.0 1.0 1.0 1.0 1.0 1.0 1.0 1.0 1.0 1.0 
Consistency_var = 0.0 0.0 0.0 0.0 0.0 0.0 0.0 0.0 0.0 0.0 0.0 
Loss_avg = 0.91857 0.7553600000000001 0.4811100000000001 0.21430999999999997 0.05391000000000002 0.009890000000000001 0.004190000000000001 0.0014800000000000002 0.0008200000000000002 0.00051 0.00018 
Loss_var = 0.0016919445454545454 0.00317356606060606 0.003452664545454546 0.0038121958585858587 0.0009448908080808081 0.00011248272727272727 1.9852424242424244e-05 3.4642424242424237e-06 1.4622222222222224e-06 7.776767676767678e-07 2.0969696969696975e-07 
Envy_avg = 0.0 0.01 0.2 0.81 1.4 2.13 2.04 1.3 0.93 0.65 0.36 
Envy_var = 0.0 0.009999999999999998 0.3636363636363636 1.6302020202020207 1.97979797979798 3.285959595959596 3.10949494949495 1.6262626262626263 1.0556565656565657 0.6742424242424242 0.3943434343434344 
Burnt_avg = 1.24 3.88 9.0 14.72 18.09 17.27 15.94 15.16 14.43 13.73 13.28 
Burnt_var = 0.5882828282828282 1.44 2.303030303030303 4.89050505050505 6.527171717171717 5.552626262626262 5.147878787878788 4.4387878787878785 3.3586868686868687 2.7445454545454555 3.0117171717171716 

Constant Sample Size 5:
Opt_avg = 276.40130383987326
Opt_var = 0.15828927632290893
Utility_avg = 82.59156776201579 102.12705627397806 121.97787916799253 137.7134495688531 145.4451150371981 154.81651833639836 165.11886071975812 173.97024384655134 180.5390762022237 187.14292690836584 191.03066072856774 
Utility_var = 169.97522363372858 237.63409616904892 165.18796655294923 175.70186472986876 158.1679572632607 127.08577376687599 151.7512498992369 125.41405952546981 105.13307300592196 75.73085110550488 78.83730471508498 
Consistency_avg = 1.0 1.0 1.0 1.0 1.0 1.0 1.0 1.0 1.0 1.0 1.0 
Consistency_var = 0.0 0.0 0.0 0.0 0.0 0.0 0.0 0.0 0.0 0.0 0.0 
Loss_avg = 0.79455 0.5645500000000001 0.33598 0.15847999999999998 0.05723000000000001 0.015199999999999998 0.0025600000000000006 0.00134 0.00027000000000000006 0.00032 0.00014000000000000001 
Loss_var = 0.0035422095959595974 0.0037853611111111113 0.0032428884848484858 0.001616110707070707 0.000792259696969697 0.00016941414141414136 9.683232323232325e-06 4.731717171717172e-06 2.596969696969697e-07 3.006060606060607e-07 1.6202020202020198e-07 
Envy_avg = 0.0 0.0 0.0 0.02 0.08 0.12 0.19 0.27 0.25 0.18 0.18 
Envy_var = 0.0 0.0 0.0 0.019797979797979794 0.07434343434343434 0.10666666666666669 0.19585858585858593 0.2596969696969697 0.2297979797979798 0.2096969696969697 0.16929292929292927 
Burnt_avg = 2.14 5.15 9.19 13.63 17.16 17.8 16.82 15.28 14.26 13.0 12.3 
Burnt_var = 0.4448484848484847 0.8964646464646467 1.6504040404040408 2.457676767676768 2.9842424242424244 4.98989898989899 6.896565656565657 6.2642424242424255 5.648888888888888 4.202020202020202 4.959595959595961 

Constant Sample Size 7:
Opt_avg = 276.40130383987326
Opt_var = 0.15828927632290893
Utility_avg = 71.55927145769373 85.28516874338368 98.86660377073929 113.77647288280846 123.37792761963465 134.93468827682386 142.58682466189256 152.2389779040911 159.27417389482164 166.07836519254917 173.3772182731395 
Utility_var = 235.5775949043154 260.4866156961503 258.06317507475774 244.4559667558337 187.23691668422742 149.69974221498734 118.95077773085447 136.50177392172432 157.76976693928398 87.46592287504592 147.30370961526427 
Consistency_avg = 1.0 1.0 1.0 1.0 1.0 1.0 1.0 1.0 1.0 1.0 1.0 
Consistency_var = 0.0 0.0 0.0 0.0 0.0 0.0 0.0 0.0 0.0 0.0 0.0 
Loss_avg = 0.6607000000000001 0.43512 0.24423000000000003 0.12248999999999999 0.054110000000000005 0.020790000000000003 0.006130000000000001 0.00133 0.00033 0.00013 0.00013000000000000002 
Loss_var = 0.006030434343434341 0.005310187474747477 0.0032467445454545454 0.0012851615151515154 0.0004934322222222222 0.00014554131313131312 3.225565656565657e-05 5.455656565656565e-06 9.304040404040406e-07 1.9505050505050505e-07 1.5464646464646466e-07 
Envy_avg = 0.0 0.0 0.0 0.0 0.0 0.0 0.01 0.04 0.02 0.03 0.02 
Envy_var = 0.0 0.0 0.0 0.0 0.0 0.0 0.009999999999999998 0.05898989898989897 0.019797979797979797 0.0293939393939394 0.019797979797979794 
Burnt_avg = 2.72 5.32 8.63 12.17 15.41 17.64 18.53 17.58 16.67 15.63 14.6 
Burnt_var = 0.5470707070707072 0.9470707070707072 1.6293939393939394 2.3243434343434344 2.2847474747474745 2.5559595959595964 6.352626262626262 9.66020202020202 9.253636363636366 3.7304040404040406 7.636363636363638 

Constant Sample Size 10:
Opt_avg = 276.40130383987326
Opt_var = 0.15828927632290893
Utility_avg = 59.295030000976595 64.76748015853357 77.60553803795052 83.18811008902088 89.95862994662588 98.35248026943405 107.07079666206945 114.68049547190769 125.55991426702116 129.31771179480725 135.1224890999181 
Utility_var = 197.59290716515585 244.94454976630868 138.50501789928913 50.07709098829884 185.33389648166775 270.2601363009933 318.276204449455 244.187600859419 107.35537933727447 71.25451653176287 98.03705204401804 
Consistency_avg = 1.0 1.0 1.0 1.0 1.0 1.0 1.0 1.0 1.0 1.0 1.0 
Consistency_var = 0.0 0.0 0.0 0.0 0.0 0.0 0.0 0.0 0.0 0.0 0.0 
Loss_avg = 0.5342700000000001 0.31398 0.1752 0.08787 0.04406000000000001 0.018809999999999997 0.009150000000000002 0.0032200000000000006 0.0007599999999999999 0.00015 1e-05 
Loss_var = 0.009116340505050507 0.00885604 0.0026094949494949496 0.001092861717171717 0.00023470343434343435 8.201404040404042e-05 2.778535353535353e-05 1.0395555555555557e-05 1.8206060606060603e-06 2.5e-07 1e-08 
Envy_avg = 0.0 0.0 0.0 0.0 0.0 0.0 0.0 0.0 0.0 0.0 0.0 
Envy_var = 0.0 0.0 0.0 0.0 0.0 0.0 0.0 0.0 0.0 0.0 0.0 
Burnt_avg = 2.8 5.11 7.36 9.98 12.34 14.8 16.79 18.45 19.05 19.56 19.28 
Burnt_var = 0.5656565656565656 1.3918181818181818 1.1216161616161615 1.6965656565656568 1.3781818181818184 1.5353535353535352 1.4807070707070704 1.9267676767676765 3.886363636363637 3.2993939393939398 6.021818181818182 

Uniform Product Distribution:
Opt_avg = 276.40130383987326
Opt_var = 0.15828927632290893
Utility_avg = 50.277002356283184 50.25785183363262 50.22408411311299 50.18097831223881 50.30259682717606 50.34891568333349 50.36831083807526 50.40218115707211 50.41173456868394 50.413737566941585 50.41475367094163 
Utility_var = 0.5276926545281792 0.4777954200134917 0.4820813287971302 0.6159594919073962 0.4866957046660726 0.45246416882176255 0.46587464702575243 0.46073969735288556 0.4630505972106129 0.4635975393968539 0.4641673865016694 
Consistency_avg = 1.0 1.0 1.0 1.0 1.0 1.0 1.0 1.0 1.0 1.0 1.0 
Consistency_var = 0.0 0.0 0.0 0.0 0.0 0.0 0.0 0.0 0.0 0.0 0.0 
Loss_avg = 0.23114 0.12645 0.06795000000000001 0.03619000000000001 0.016489999999999998 0.00901 0.004710000000000001 0.0019100000000000002 0.00097 0.0006 0.00032 
Loss_var = 0.01140975797979798 0.004329765151515151 0.0017319671717171718 0.0005522766666666667 0.00012645444444444443 3.714131313131313e-05 1.228878787878788e-05 2.486767676767677e-06 1.1809090909090907e-06 6.86868686868687e-07 3.2080808080808086e-07 
Envy_avg = 0.0 0.0 0.0 0.0 0.0 0.0 0.0 0.0 0.0 0.0 0.0 
Envy_var = 0.0 0.0 0.0 0.0 0.0 0.0 0.0 0.0 0.0 0.0 0.0 
Burnt_avg = 2.25 3.15 4.15 5.08 6.14 7.06 8.08 9.19 10.17 11.09 12.07 
Burnt_var = 0.39141414141414144 0.5328282828282829 0.8156565656565656 0.7410101010101009 0.7074747474747474 0.7034343434343436 0.7410101010101009 0.6605050505050504 0.7485858585858585 0.8302020202020203 0.7728282828282832 

