Constant Sample Size 1:
Opt_avg = 279.5933945948044
Opt_var = 0.043594983384579865
Utility_avg = 41.788201291894445 62.690541349112536 102.98327641590393 159.9977080362254 181.08574173237412 178.6789235616853 176.1138926087238 176.12025151604365 176.12025151604365 176.12025151604365 176.12025151604365 
Utility_var = 6.200479309855864 17.23460225590781 53.42858291675808 86.22901455143348 19.619005904133697 11.025075639429852 0.07828564128902228 0.06529844032442944 0.06529844032442944 0.06529844032442944 0.06529844032442944 
Consistency_avg = 1.0 1.0 1.0 1.0 1.0 1.0 1.0 1.0 1.0 1.0 1.0 
Consistency_var = 0.0 0.0 0.0 0.0 0.0 0.0 0.0 0.0 0.0 0.0 0.0 
Loss_avg = 0.9042 0.8180399999999999 0.67322 0.4375500000000001 0.14198999999999998 0.01934 0.0007300000000000001 0.0 0.0 0.0 0.0 
Loss_var = 0.0001619797979797982 0.00048230141414141303 0.0008741329292929285 0.0031997449494949493 0.002673868585858586 0.0004977014141414143 1.951222222222222e-05 0.0 0.0 0.0 0.0 
Envy_avg = 0.21 0.35 0.83 1.65 4.31 4.66 0.01 0.0 0.0 0.0 0.0 
Envy_var = 0.4100000000000001 0.6742424242424244 2.102121212121211 4.391414141414141 21.28676767676768 48.32767676767677 0.009999999999999998 0.0 0.0 0.0 0.0 
Burnt_avg = 0.0 0.0 0.0 0.0 0.0 0.0 0.0 0.0 0.0 0.0 0.0 
Burnt_var = 0.0 0.0 0.0 0.0 0.0 0.0 0.0 0.0 0.0 0.0 0.0 

Constant Sample Size 3:
Opt_avg = 279.5933945948044
Opt_var = 0.043594983384579865
Utility_avg = 54.449015168255485 83.32941459342112 112.95595628073339 136.66989257139997 156.59583097874557 171.2644286697307 176.40555830700748 184.95915221756997 189.47997471888982 194.7025019392677 198.34816238726688 
Utility_var = 115.97955804567079 248.49917763249533 229.79906061995734 151.63364288595434 261.30051857136624 205.06108771681238 217.77619892630096 185.81562927142608 134.91114630059343 117.48018306481724 105.1607671627147 
Consistency_avg = 1.0 1.0 1.0 1.0 1.0 1.0 1.0 1.0 1.0 1.0 1.0 
Consistency_var = 0.0 0.0 0.0 0.0 0.0 0.0 0.0 0.0 0.0 0.0 0.0 
Loss_avg = 0.9189299999999999 0.7548400000000001 0.47974000000000006 0.21669 0.05943999999999999 0.012490000000000001 0.00391 0.0019900000000000004 0.0008900000000000001 0.0006100000000000001 0.00021999999999999998 
Loss_var = 0.0017561667676767676 0.00314544888888889 0.003659689292929293 0.003667670606060606 0.00104746101010101 0.00014047464646464646 1.8284747474747476e-05 6.050404040404042e-06 2.078686868686869e-06 1.4120202020202024e-06 2.5414141414141413e-07 
Envy_avg = 0.0 0.01 0.21 0.63 1.08 1.62 1.89 1.18 0.86 0.61 0.28 
Envy_var = 0.0 0.009999999999999998 0.5716161616161617 1.8314141414141412 1.9329292929292927 2.7228282828282833 2.7655555555555553 1.6036363636363635 1.0105050505050504 0.785757575757576 0.3046464646464646 
Burnt_avg = 1.23 3.88 8.92 14.35 17.09 16.33 15.91 14.79 14.14 13.22 12.72 
Burnt_var = 0.6031313131313133 1.4804040404040404 2.801616161616161 5.805555555555557 10.001919191919194 8.122323232323232 8.224141414141414 6.571616161616162 4.606464646464647 3.910707070707071 3.678383838383838 

Constant Sample Size 5:
Opt_avg = 279.5933945948044
Opt_var = 0.043594983384579865
Utility_avg = 42.26518319203741 56.87808705183206 70.59049612748062 84.9282487789522 95.6921449502629 106.87720430794796 115.24264261015185 121.77414479568115 127.72749521045944 133.1813618283122 136.63228191795116 
Utility_var = 122.3087081204123 161.68332005742272 128.73976829998986 107.91909255505641 137.27925450469118 84.50022611950195 86.67761208557398 60.29175602318555 48.90926648855725 45.12542755051192 48.08861285787892 
Consistency_avg = 1.0 1.0 1.0 1.0 1.0 1.0 1.0 1.0 1.0 1.0 1.0 
Consistency_var = 0.0 0.0 0.0 0.0 0.0 0.0 0.0 0.0 0.0 0.0 0.0 
Loss_avg = 0.78938 0.5553500000000001 0.32298000000000004 0.15856 0.05918 0.01478 0.00271 0.00094 0.00041 0.00017 6e-05 
Loss_var = 0.003844379393939396 0.0032494823232323226 0.0027634339393939403 0.001996632727272727 0.0009009167676767676 0.00019486020202020201 1.5702929292929293e-05 2.8044444444444446e-06 7.695959595959594e-07 2.2333333333333327e-07 7.717171717171718e-08 
Envy_avg = 0.0 0.0 0.0 0.02 0.06 0.14 0.29 0.29 0.39 0.36 0.38 
Envy_var = 0.0 0.0 0.0 0.019797979797979794 0.056969696969696955 0.1418181818181818 0.308989898989899 0.4504040404040403 0.5029292929292928 0.7175757575757575 0.9046464646464649 
Burnt_avg = 2.23 5.28 9.58 13.87 17.31 18.22 17.09 15.84 14.47 13.44 12.64 
Burnt_var = 0.5021212121212123 0.7894949494949497 1.6804040404040406 2.78090909090909 3.5493939393939398 5.82989898989899 7.052424242424243 5.307474747474747 4.312222222222223 4.107474747474748 4.454949494949495 

Constant Sample Size 7:
Opt_avg = 279.5933945948044
Opt_var = 0.043594983384579865
Utility_avg = 31.13842873723197 40.023819405628785 47.365887786267876 56.62052809656207 62.67378251419751 68.54591739996683 74.57269146005169 78.67586214350693 82.96449163579844 85.96860893559555 88.39703096811489 
Utility_var = 92.14957642259733 98.50639798357317 103.45281184556816 91.85622418865711 95.212591668388 62.84688179526106 52.44841506082233 55.625540777425805 40.120842251408504 31.806675343946377 43.426639997609016 
Consistency_avg = 1.0 1.0 1.0 1.0 1.0 1.0 1.0 1.0 1.0 1.0 1.0 
Consistency_var = 0.0 0.0 0.0 0.0 0.0 0.0 0.0 0.0 0.0 0.0 0.0 
Loss_avg = 0.65923 0.4339 0.24971 0.12674 0.056220000000000006 0.02116 0.00547 0.00099 0.00033 7.000000000000001e-05 3e-05 
Loss_var = 0.00581920919191919 0.004994898989898991 0.004773056464646464 0.001554376161616161 0.000542880404040404 0.0001416913131313131 3.671626262626263e-05 4.232222222222223e-06 3.8494949494949496e-07 8.595959595959601e-08 2.9393939393939386e-08 
Envy_avg = 0.0 0.0 0.0 0.0 0.0 0.0 0.0 0.0 0.06 0.06 0.04 
Envy_var = 0.0 0.0 0.0 0.0 0.0 0.0 0.0 0.0 0.056969696969696955 0.05696969696969697 0.03878787878787879 
Burnt_avg = 2.75 5.35 8.57 12.01 15.41 17.91 18.78 18.21 16.77 15.93 15.32 
Burnt_var = 0.5126262626262627 0.8560606060606061 2.287979797979798 2.1716161616161616 2.3251515151515147 2.830202020202021 5.80969696969697 9.39989898989899 6.683939393939393 5.055656565656567 7.250101010101012 

Constant Sample Size 10:
Opt_avg = 279.5933945948044
Opt_var = 0.043594983384579865
Utility_avg = 21.515756003647816 25.553375509066555 31.112218762798637 34.67928831032912 36.88476427893884 40.94451798476875 44.02093521379074 49.27220124739452 52.31139704409502 52.83597884367343 53.894005995346646 
Utility_var = 47.66545481219717 63.010862208122305 62.53783773785186 39.02508828731407 43.16710015204727 70.98205309508302 75.18187676577544 46.925411654797784 17.90635437781166 5.322323703789431 20.301961368321408 
Consistency_avg = 1.0 1.0 1.0 1.0 1.0 1.0 1.0 1.0 1.0 1.0 1.0 
Consistency_var = 0.0 0.0 0.0 0.0 0.0 0.0 0.0 0.0 0.0 0.0 0.0 
Loss_avg = 0.52046 0.29918 0.17419999999999994 0.08925 0.04472 0.01935 0.009140000000000002 0.0031800000000000005 0.00098 0.00012 0.0 
Loss_var = 0.009626311515151515 0.008182694545454547 0.0028585252525252522 0.001016229797979798 0.0002930319191919192 7.958333333333335e-05 2.9374141414141417e-05 6.108686868686868e-06 2.4440404040404037e-06 1.8747474747474753e-07 0.0 
Envy_avg = 0.0 0.0 0.0 0.0 0.0 0.0 0.0 0.0 0.0 0.0 0.0 
Envy_var = 0.0 0.0 0.0 0.0 0.0 0.0 0.0 0.0 0.0 0.0 0.0 
Burnt_avg = 2.91 5.28 7.4 9.86 12.19 14.75 16.71 18.31 19.08 19.75 19.34 
Burnt_var = 0.5675757575757575 1.3551515151515148 1.2727272727272725 1.5357575757575759 1.2463636363636366 1.5025252525252526 1.4605050505050503 1.5695959595959594 2.51878787878788 1.6641414141414141 5.984242424242423 

Uniform Product Distribution:
Opt_avg = 279.5933945948044
Opt_var = 0.043594983384579865
Utility_avg = 17.572811293993176 17.58897186557295 17.605236921008206 17.605236921008206 17.610668145205196 17.610668145205196 17.610668145205196 17.610668145205196 17.610668145205196 17.610668145205196 17.610668145205196 
Utility_var = 0.12003148828594247 0.10537633259894745 0.09599882396690042 0.09599882396690042 0.09470884140885884 0.09470884140885884 0.09470884140885884 0.09470884140885884 0.09470884140885884 0.09470884140885884 0.09470884140885884 
Consistency_avg = 1.0 1.0 1.0 1.0 1.0 1.0 1.0 1.0 1.0 1.0 1.0 
Consistency_var = 0.0 0.0 0.0 0.0 0.0 0.0 0.0 0.0 0.0 0.0 0.0 
Loss_avg = 0.24063 0.13718 0.06519000000000001 0.037680000000000005 0.017780000000000004 0.00871 0.00521 0.0021100000000000003 0.0009300000000000002 0.00051 0.00025 
Loss_var = 0.010014255656565656 0.004742977373737373 0.001032700909090909 0.00044042181818181817 0.00012912282828282827 3.0066565656565655e-05 1.624838383838384e-05 4.038282828282828e-06 1.2374747474747473e-06 8.382828282828285e-07 3.308080808080808e-07 
Envy_avg = 0.0 0.0 0.0 0.0 0.0 0.0 0.0 0.0 0.0 0.0 0.0 
Envy_var = 0.0 0.0 0.0 0.0 0.0 0.0 0.0 0.0 0.0 0.0 0.0 
Burnt_avg = 2.17 3.02 4.09 4.98 6.05 7.09 7.86 9.01 10.17 10.98 12.09 
Burnt_var = 0.3445454545454545 0.5248484848484848 0.5675757575757574 0.6662626262626263 0.8762626262626263 0.8100000000000003 0.97010101010101 0.8786868686868687 0.8495959595959596 0.7874747474747477 0.8100000000000002 

