Constant Sample Size 1:
Opt_avg = 165.28373155743594
Opt_var = 0
OptEq_avg = 165.17140294583965
OptEq_var = 0
Direct Learning: 
Utility_avg = 28.801185120661 51.65558393792129 90.79459596772574 145.86780463123506 162.04177426970176 164.7414171204122 165.1522437462191 165.17140294583965 165.17140294583965 165.17140294583965 165.17140294583965 
Utility_var = 5.882749742503694 17.815648902467608 80.20084859776826 87.67082726097284 2.578962065138747 0.37072414693829037 0.02286463662379878 0.0 0.0 0.0 0.0 
Consistency_avg = 1.0 1.0 1.0 1.0 1.0 1.0 1.0 1.0 1.0 1.0 1.0 
Consistency_var = 0.0 0.0 0.0 0.0 0.0 0.0 0.0 0.0 0.0 0.0 0.0 
Loss_avg = 0.9059 0.8154299999999999 0.67177 0.44006 0.14355 0.02075 0.00132 0.0 0.0 0.0 0.0 
Loss_var = 0.0002051212121212123 0.0004232980808080799 0.0012057748484848477 0.003763551919191919 0.0026924520202020203 0.00041889646464646473 2.8987474747474753e-05 0.0 0.0 0.0 0.0 
Envy_avg = 28.96 28.65 26.57 21.08 10.55 1.55 0.08 0.0 0.0 0.0 0.0 
Envy_var = 0.03878787878787879 0.4116161616161616 2.308181818181818 10.59959595959596 16.5530303030303 2.8156565656565657 0.11474747474747474 0.0 0.0 0.0 0.0 
Burnt_avg = 0.0 0.0 0.0 0.0 0.0 0.0 0.0 0.0 0.0 0.0 0.0 
Burnt_var = 0.0 0.0 0.0 0.0 0.0 0.0 0.0 0.0 0.0 0.0 0.0 
Indirect Learning: 
Utility_avg = 134.34236655791017 136.1197835745244 144.6298813166662 152.96041238007936 162.04177426970176 164.7414171204122 165.1522437462191 165.17140294583965 165.17140294583965 165.17140294583965 165.17140294583965 
Utility_var = 9.660237194234597 13.953524024069935 12.39560594405447 8.372485624726648 2.578962065138747 0.37072414693829037 0.02286463662379878 0.0 0.0 0.0 0.0 
Consistency_avg = 1.0 1.0 1.0 1.0 1.0 1.0 1.0 1.0 1.0 1.0 1.0 
Consistency_var = 0.0 0.0 0.0 0.0 0.0 0.0 0.0 0.0 0.0 0.0 0.0 
Loss_avg = 0.90337 0.8135799999999999 0.66952 0.43577000000000005 0.14242000000000002 0.02104 0.00122 0.0 0.0 0.0 0.0 
Loss_var = 0.00018385161616161626 0.0005441854545454536 0.0013073026262626264 0.003397835454545455 0.002493579393939394 0.00042844282828282825 2.42339393939394e-05 0.0 0.0 0.0 0.0 
Envy_avg = 186.6 154.43 105.6 33.38 10.55 1.55 0.08 0.0 0.0 0.0 0.0 
Envy_var = 342.3030303030304 576.2475757575758 434.8888888888889 241.0460606060606 16.5530303030303 2.8156565656565657 0.11474747474747474 0.0 0.0 0.0 0.0 
Burnt_avg = 0.0 0.0 0.0 0.0 0.0 0.0 0.0 0.0 0.0 0.0 0.0 
Burnt_var = 0.0 0.0 0.0 0.0 0.0 0.0 0.0 0.0 0.0 0.0 0.0 

Constant Sample Size 3:
Opt_avg = 165.28373155743594
Opt_var = 0
OptEq_avg = 165.17140294583965
OptEq_var = 0
Direct Learning: 
Utility_avg = 36.685710979314464 77.45486050375109 139.74447077765316 164.06724365914158 165.05767107104623 165.17140294583965 165.17140294583965 165.17140294583965 165.17140294583965 165.17140294583965 165.17140294583965 
Utility_var = 20.96383010050098 49.68585147743187 64.46461765334539 0.8630998824481573 0.13445421706609775 0.0 0.0 0.0 0.0 0.0 0.0 
Consistency_avg = 1.0 1.0 1.0 1.0 1.0 1.0 1.0 1.0 1.0 1.0 1.0 
Consistency_var = 0.0 0.0 0.0 0.0 0.0 0.0 0.0 0.0 0.0 0.0 0.0 
Loss_avg = 0.9362999999999999 0.6739499999999999 0.26594 0.06693 0.00597 0.0 0.0 0.0 0.0 0.0 0.0 
Loss_var = 0.0020897070707070705 0.003435603535353535 0.002019228686868687 0.0012649344444444447 0.00014449404040404039 0.0 0.0 0.0 0.0 0.0 0.0 
Envy_avg = 31.8 33.37 23.51 4.25 0.35 0.0 0.0 0.0 0.0 0.0 0.0 
Envy_var = 25.252525252525256 45.690000000000005 32.69686868686868 7.664141414141414 0.6338383838383839 0.0 0.0 0.0 0.0 0.0 0.0 
Burnt_avg = 0.0 0.0 0.0 0.0 0.0 0.0 0.0 0.0 0.0 0.0 0.0 
Burnt_var = 0.0 0.0 0.0 0.0 0.0 0.0 0.0 0.0 0.0 0.0 0.0 
Indirect Learning: 
Utility_avg = 134.9788022292222 139.65399922688877 148.81175577516197 158.29446771424875 163.85025898081273 165.1257390610547 165.17140294583965 165.17140294583965 165.17140294583965 165.17140294583965 165.17140294583965 
Utility_var = 13.439178422088133 12.970675897076312 12.863390561667801 10.258179833350704 2.1730551398571976 0.07334698785948371 0.0 0.0 0.0 0.0 0.0 
Consistency_avg = 1.0 1.0 0.11 0.0 0.39 0.97 1.0 1.0 1.0 1.0 1.0 
Consistency_var = 0.0 0.0 0.0988888888888889 0.0 0.2403030303030303 0.029393939393939403 0.0 0.0 0.0 0.0 0.0 
Loss_avg = 0.33947000000000005 0.32929 0.32743 0.293 0.12229 0.0031 0.0 0.0 0.0 0.0 0.0 
Loss_var = 0.000355281919191919 0.0003617029292929293 0.0005459041414141414 0.002975474747474747 0.01411253121212121 0.00042128282828282827 0.0 0.0 0.0 0.0 0.0 
Envy_avg = 188.88 152.22 97.49 48.88 9.93 0.16 0.0 0.0 0.0 0.0 0.0 
Envy_var = 820.1268686868686 597.6682828282828 611.6867676767677 445.09656565656564 130.28797979797983 1.3680808080808078 0.0 0.0 0.0 0.0 0.0 
Burnt_avg = 0.0 0.0 0.0 0.0 0.0 0.0 0.0 0.0 0.0 0.0 0.0 
Burnt_var = 0.0 0.0 0.0 0.0 0.0 0.0 0.0 0.0 0.0 0.0 0.0 

Constant Sample Size 5:
Opt_avg = 165.28373155743594
Opt_var = 0
OptEq_avg = 165.17140294583965
OptEq_var = 0
Direct Learning: 
Utility_avg = 43.068601858264884 97.44309181932134 155.84443979080825 164.98265186979907 165.17140294583965 165.17140294583965 165.17140294583965 165.17140294583965 165.17140294583965 165.17140294583965 165.17140294583965 
Utility_var = 39.60988582799795 75.94465180419036 42.59485039547841 0.13475147096187812 0.0 0.0 0.0 0.0 0.0 0.0 0.0 
Consistency_avg = 1.0 1.0 1.0 1.0 1.0 1.0 1.0 1.0 1.0 1.0 1.0 
Consistency_var = 0.0 0.0 0.0 0.0 0.0 0.0 0.0 0.0 0.0 0.0 0.0 
Loss_avg = 0.8006099999999999 0.22472999999999999 0.03643 0.004710000000000001 0.0 0.0 0.0 0.0 0.0 0.0 0.0 
Loss_var = 0.009461492828282828 0.002918401111111112 0.00021941929292929296 4.933929292929293e-05 0.0 0.0 0.0 0.0 0.0 0.0 0.0 
Envy_avg = 33.7 34.25 11.14 0.79 0.0 0.0 0.0 0.0 0.0 0.0 0.0 
Envy_var = 40.55555555555556 75.30050505050505 28.020606060606056 1.6019191919191917 0.0 0.0 0.0 0.0 0.0 0.0 0.0 
Burnt_avg = 0.0 0.0 0.0 0.0 0.0 0.0 0.0 0.0 0.0 0.0 0.0 
Burnt_var = 0.0 0.0 0.0 0.0 0.0 0.0 0.0 0.0 0.0 0.0 0.0 
Indirect Learning: 
Utility_avg = 135.69647208759415 141.0486331769426 151.68841241226838 161.21336696550637 165.03543110224828 165.17140294583965 165.17140294583965 165.17140294583965 165.17140294583965 165.17140294583965 165.17140294583965 
Utility_var = 18.48319698610567 17.008831291206743 12.732736285855271 4.582941405156823 0.2811198261415249 0.0 0.0 0.0 0.0 0.0 0.0 
Consistency_avg = 1.0 0.95 0.13 0.07 0.92 1.0 1.0 1.0 1.0 1.0 1.0 
Consistency_var = 0.0 0.04797979797979802 0.11424242424242423 0.06575757575757575 0.07434343434343435 0.0 0.0 0.0 0.0 0.0 0.0 
Loss_avg = 0.07476 0.07345999999999998 0.07055 0.05655 0.00376 0.0 0.0 0.0 0.0 0.0 0.0 
Loss_var = 5.683070707070708e-05 6.679636363636363e-05 7.396717171717171e-05 0.00038570454545454547 0.0001786690909090909 0.0 0.0 0.0 0.0 0.0 0.0 
Envy_avg = 197.41 139.24 93.1 30.19 1.29 0.0 0.0 0.0 0.0 0.0 0.0 
Envy_var = 807.1736363636362 714.669090909091 732.7777777777779 295.06454545454545 26.8140404040404 0.0 0.0 0.0 0.0 0.0 0.0 
Burnt_avg = 0.0 0.0 0.0 0.0 0.0 0.0 0.0 0.0 0.0 0.0 0.0 
Burnt_var = 0.0 0.0 0.0 0.0 0.0 0.0 0.0 0.0 0.0 0.0 0.0 

Constant Sample Size 7:
Opt_avg = 165.28373155743594
Opt_var = 0
OptEq_avg = 165.17140294583965
OptEq_var = 0
Direct Learning: 
Utility_avg = 50.66146484147519 113.4220249433156 160.6683788145712 165.15102089964483 165.17140294583965 165.17140294583965 165.17140294583965 165.17140294583965 165.17140294583965 165.17140294583965 165.17140294583965 
Utility_var = 55.937075354318154 97.77221459879284 18.189290449109365 0.014375092888712627 0.0 0.0 0.0 0.0 0.0 0.0 0.0 
Consistency_avg = 1.0 1.0 1.0 1.0 1.0 1.0 1.0 1.0 1.0 1.0 1.0 
Consistency_var = 0.0 0.0 0.0 0.0 0.0 0.0 0.0 0.0 0.0 0.0 0.0 
Loss_avg = 0.50088 0.03354 0.0041800000000000006 0.00027000000000000006 0.0 0.0 0.0 0.0 0.0 0.0 0.0 
Loss_var = 0.015704955151515158 0.0004172812121212123 9.17939393939394e-06 1.0475757575757575e-06 0.0 0.0 0.0 0.0 0.0 0.0 0.0 
Envy_avg = 36.96 33.71 5.58 0.13 0.0 0.0 0.0 0.0 0.0 0.0 0.0 
Envy_var = 88.70545454545453 79.74333333333331 19.943030303030298 0.21525252525252525 0.0 0.0 0.0 0.0 0.0 0.0 0.0 
Burnt_avg = 0.0 0.0 0.0 0.0 0.0 0.0 0.0 0.0 0.0 0.0 0.0 
Burnt_var = 0.0 0.0 0.0 0.0 0.0 0.0 0.0 0.0 0.0 0.0 0.0 
Indirect Learning: 
Utility_avg = 134.21984510036125 143.22398313286934 153.94249333285913 163.10363591088037 165.1361876208822 165.17140294583965 165.17140294583965 165.17140294583965 165.17140294583965 165.17140294583965 165.17140294583965 
Utility_var = 10.987572247382678 17.23686734859914 13.257835972928973 2.678091412170065 0.06724920395374034 0.0 0.0 0.0 0.0 0.0 0.0 
Consistency_avg = 1.0 0.93 0.52 0.8 0.99 1.0 1.0 1.0 1.0 1.0 1.0 
Consistency_var = 0.0 0.06575757575757578 0.2521212121212121 0.16161616161616163 0.009999999999999998 0.0 0.0 0.0 0.0 0.0 0.0 
Loss_avg = 0.01306 0.011549999999999996 0.011439999999999999 0.007090000000000001 0.00021 0.0 0.0 0.0 0.0 0.0 0.0 
Loss_var = 1.2440808080808083e-05 1.0512626262626265e-05 1.0976161616161617e-05 2.8991818181818182e-05 1.6221212121212117e-06 0.0 0.0 0.0 0.0 0.0 0.0 
Envy_avg = 185.6 141.61 80.11 15.66 0.41 0.0 0.0 0.0 0.0 0.0 0.0 
Envy_var = 743.6363636363636 671.5736363636364 615.5534343434343 169.33777777777777 8.850404040404037 0.0 0.0 0.0 0.0 0.0 0.0 
Burnt_avg = 0.0 0.0 0.0 0.0 0.0 0.0 0.0 0.0 0.0 0.0 0.0 
Burnt_var = 0.0 0.0 0.0 0.0 0.0 0.0 0.0 0.0 0.0 0.0 0.0 

Constant Sample Size 10:
Opt_avg = 165.28373155743594
Opt_var = 0
OptEq_avg = 165.17140294583965
OptEq_var = 0
Direct Learning: 
Utility_avg = 58.42400458562105 130.3318528547268 163.27104065763572 165.16560953698826 165.17140294583965 165.17140294583965 165.17140294583965 165.17140294583965 165.17140294583965 165.17140294583965 165.17140294583965 
Utility_var = 102.59906279662198 117.80335599894912 7.2417172473079665 0.002227618047105903 0.0 0.0 0.0 0.0 0.0 0.0 0.0 
Consistency_avg = 1.0 1.0 1.0 1.0 1.0 1.0 1.0 1.0 1.0 1.0 1.0 
Consistency_var = 0.0 0.0 0.0 0.0 0.0 0.0 0.0 0.0 0.0 0.0 0.0 
Loss_avg = 0.11096 0.00092 0.00016 0.0 0.0 0.0 0.0 0.0 0.0 0.0 0.0 
Loss_var = 0.007252725656565656 2.6197979797979803e-06 2.3676767676767677e-07 0.0 0.0 0.0 0.0 0.0 0.0 0.0 0.0 
Envy_avg = 44.0 28.1 2.84 0.05 0.0 0.0 0.0 0.0 0.0 0.0 0.0 
Envy_var = 146.86868686868686 100.61616161616162 13.630707070707071 0.10858585858585854 0.0 0.0 0.0 0.0 0.0 0.0 0.0 
Burnt_avg = 0.0 0.0 0.0 0.0 0.0 0.0 0.0 0.0 0.0 0.0 0.0 
Burnt_var = 0.0 0.0 0.0 0.0 0.0 0.0 0.0 0.0 0.0 0.0 0.0 
Indirect Learning: 
Utility_avg = 135.8101218373871 146.1462011998813 157.09811076667833 164.35144032531835 165.17140294583965 165.17140294583965 165.17140294583965 165.17140294583965 165.17140294583965 165.17140294583965 165.17140294583965 
Utility_var = 15.008693009283286 15.989670874284716 8.669129124519932 1.361590980406102 0.0 0.0 0.0 0.0 0.0 0.0 0.0 
Consistency_avg = 1.0 0.98 0.94 1.0 1.0 1.0 1.0 1.0 1.0 1.0 1.0 
Consistency_var = 0.0 0.019797979797979787 0.05696969696969697 0.0 0.0 0.0 0.0 0.0 0.0 0.0 0.0 
Loss_avg = 0.00041999999999999996 0.0005600000000000001 0.00048 7.000000000000001e-05 0.0 0.0 0.0 0.0 0.0 0.0 0.0 
Loss_var = 3.470707070707071e-07 6.125252525252525e-07 4.137373737373737e-07 6.575757575757577e-08 0.0 0.0 0.0 0.0 0.0 0.0 0.0 
Envy_avg = 176.4 129.64 60.89 5.2 0.0 0.0 0.0 0.0 0.0 0.0 0.0 
Envy_var = 768.3030303030303 747.3842424242424 424.5231313131313 72.0 0.0 0.0 0.0 0.0 0.0 0.0 0.0 
Burnt_avg = 0.0 0.0 0.0 0.0 0.0 0.0 0.0 0.0 0.0 0.0 0.0 
Burnt_var = 0.0 0.0 0.0 0.0 0.0 0.0 0.0 0.0 0.0 0.0 0.0 

Uniform Product Distribution:
Opt_avg = 165.28373155743594
Opt_var = 0
OptEq_avg = 165.17140294583965
OptEq_var = 0
Direct Learning: 
Utility_avg = 66.98544983679584 125.61930906429929 155.791601700511 163.78014087390736 165.17140294583965 165.17140294583965 165.17140294583965 165.17140294583965 165.17140294583965 165.17140294583965 165.17140294583965 
Utility_var = 258.97032110474345 421.7695935519683 14.025774070857977 5.340989047827337 0.0 0.0 0.0 0.0 0.0 0.0 0.0 
Consistency_avg = 1.0 1.0 1.0 1.0 1.0 1.0 1.0 1.0 1.0 1.0 1.0 
Consistency_var = 0.0 0.0 0.0 0.0 0.0 0.0 0.0 0.0 0.0 0.0 0.0 
Loss_avg = 0.00066 6e-05 0.0 0.0 0.0 0.0 0.0 0.0 0.0 0.0 0.0 
Loss_var = 1.1560000000000001e-05 9.737373737373733e-08 0.0 0.0 0.0 0.0 0.0 0.0 0.0 0.0 0.0 
Envy_avg = 57.45 39.64 13.42 2.18 0.0 0.0 0.0 0.0 0.0 0.0 0.0 
Envy_var = 311.260101010101 362.51555555555564 27.720808080808084 15.199595959595962 0.0 0.0 0.0 0.0 0.0 0.0 0.0 
Burnt_avg = 0.0 0.0 0.0 0.0 0.0 0.0 0.0 0.0 0.0 0.0 0.0 
Burnt_var = 0.0 0.0 0.0 0.0 0.0 0.0 0.0 0.0 0.0 0.0 0.0 
Indirect Learning: 
Utility_avg = 139.63893123662348 149.8558454319901 160.64742839302897 163.94802430876177 165.14548807067783 165.15692233865045 165.17140294583965 165.17140294583965 165.17140294583965 165.17140294583965 165.17140294583965 
Utility_var = 15.089263623611643 16.210987857933816 4.005028198807509 1.7351894845357916 0.033708551625425374 0.020968798456851286 0.0 0.0 0.0 0.0 0.0 
Consistency_avg = 1.0 1.0 1.0 1.0 1.0 1.0 1.0 1.0 1.0 1.0 1.0 
Consistency_var = 0.0 0.0 0.0 0.0 0.0 0.0 0.0 0.0 0.0 0.0 0.0 
Loss_avg = 0.0 0.0 0.0 0.0 0.0 0.0 0.0 0.0 0.0 0.0 0.0 
Loss_var = 0.0 0.0 0.0 0.0 0.0 0.0 0.0 0.0 0.0 0.0 0.0 
Envy_avg = 168.3 102.73 27.91 4.94 0.04 0.01 0.0 0.0 0.0 0.0 0.0 
Envy_var = 726.7777777777778 683.8354545454546 179.71909090909094 34.299393939393944 0.0993939393939394 0.009999999999999998 0.0 0.0 0.0 0.0 0.0 
Burnt_avg = 0.0 0.0 0.0 0.0 0.0 0.0 0.0 0.0 0.0 0.0 0.0 
Burnt_var = 0.0 0.0 0.0 0.0 0.0 0.0 0.0 0.0 0.0 0.0 0.0 

