Constant Sample Size 1:
Opt_avg = 211.9442044595819
Opt_var = 0
OptEq_avg = 205.6376541395804
OptEq_var = 0
Direct Learning: 
Utility_avg = 28.825977929297682 50.70858376870677 85.95669088015966 135.9946930303402 181.91684704922966 204.23730632613507 205.60396363274688 205.6376541395803 205.6376541395803 205.6376541395803 205.6376541395803 
Utility_var = 6.131916744469565 25.96042900063826 86.30926340919838 127.29328156791422 53.71341194275164 5.574596722032621 0.04203591555232497 7.343577881330147e-27 7.343577881330147e-27 7.343577881330147e-27 7.343577881330147e-27 
Consistency_avg = 1.0 1.0 1.0 1.0 1.0 1.0 1.0 1.0 1.0 1.0 1.0 
Consistency_var = 0.0 0.0 0.0 0.0 0.0 0.0 0.0 0.0 0.0 0.0 0.0 
Loss_avg = 0.8818499999999999 0.7735600000000001 0.6018100000000001 0.36465000000000003 0.13374 0.016239999999999997 0.0007500000000000001 0.0 0.0 0.0 0.0 
Loss_var = 0.0002395631313131316 0.0007362892929292933 0.00198350898989899 0.003110957070707071 0.0017612448484848487 0.0003724266666666667 1.9361111111111105e-05 0.0 0.0 0.0 0.0 
Envy_avg = 38.86 38.29 36.34 30.77 19.37 3.56 0.23 0.0 0.0 0.0 0.0 
Envy_var = 0.14181818181818182 0.9150505050505052 3.2367676767676774 7.916262626262626 19.306161616161614 19.905454545454543 1.7748484848484845 0.0 0.0 0.0 0.0 
Burnt_avg = 0.0 0.0 0.0 0.0 0.0 0.0 0.0 0.0 0.0 0.0 0.0 
Burnt_var = 0.0 0.0 0.0 0.0 0.0 0.0 0.0 0.0 0.0 0.0 0.0 
Indirect Learning: 
Utility_avg = 169.81662176301558 178.28324356865392 182.42241741792816 191.94930233210098 199.2849814746647 204.77326775192967 205.60396363274688 205.6376541395803 205.6376541395803 205.6376541395803 205.6376541395803 
Utility_var = 12.526165949341646 17.158793427534214 15.284952991426952 10.300570498433823 4.218827309778351 1.3617020819083367 0.04203591555232497 7.343577881330147e-27 7.343577881330147e-27 7.343577881330147e-27 7.343577881330147e-27 
Consistency_avg = 1.0 1.0 1.0 1.0 1.0 1.0 1.0 1.0 1.0 1.0 1.0 
Consistency_var = 0.0 0.0 0.0 0.0 0.0 0.0 0.0 0.0 0.0 0.0 0.0 
Loss_avg = 0.8751399999999999 0.7646900000000001 0.59937 0.36516 0.13198000000000001 0.015479999999999999 0.00077 0.0 0.0 0.0 0.0 
Loss_var = 0.0004406266666666673 0.0010864382828282833 0.002056942525252525 0.0033248226262626267 0.0016796359595959596 0.0003515854545454547 1.9875858585858587e-05 0.0 0.0 0.0 0.0 
Envy_avg = 371.09 292.31 221.41 117.94 38.57 3.85 0.23 0.0 0.0 0.0 0.0 
Envy_var = 1113.2746464646464 1321.7918181818184 1112.688787878788 677.370101010101 176.24757575757573 25.239898989899 1.7748484848484845 0.0 0.0 0.0 0.0 
Burnt_avg = 0.0 0.0 0.0 0.0 0.0 0.0 0.0 0.0 0.0 0.0 0.0 
Burnt_var = 0.0 0.0 0.0 0.0 0.0 0.0 0.0 0.0 0.0 0.0 0.0 

Constant Sample Size 3:
Opt_avg = 211.9442044595819
Opt_var = 0
OptEq_avg = 205.6376541395804
OptEq_var = 0
Direct Learning: 
Utility_avg = 37.2991619452902 77.79885782125021 138.8669012098039 181.4428510614104 196.63591182967735 201.55426022162442 204.15403633580183 205.2248465189954 205.6376541395803 205.6376541395803 205.6376541395803 
Utility_var = 19.70388222543775 56.68740697799412 79.69102452889646 45.37823327521779 17.44417072462222 6.065602744994565 4.06350837493212 1.4808057591316293 7.343577881330147e-27 7.343577881330147e-27 7.343577881330147e-27 
Consistency_avg = 1.0 1.0 1.0 1.0 1.0 1.0 1.0 1.0 1.0 1.0 1.0 
Consistency_var = 0.0 0.0 0.0 0.0 0.0 0.0 0.0 0.0 0.0 0.0 0.0 
Loss_avg = 0.89325 0.5369 0.13915 0.01915 0.0017000000000000001 0.00017 1e-05 0.0 0.0 0.0 0.0 
Loss_var = 0.00307265404040404 0.0056361313131313125 0.0020297853535353534 0.0002229974747474747 1.0010101010101009e-05 2.0313131313131307e-07 1e-08 0.0 0.0 0.0 0.0 
Envy_avg = 44.26 50.17 46.63 22.06 6.01 2.03 0.74 0.21 0.0 0.0 0.0 
Envy_var = 94.53777777777779 124.46575757575758 146.03343434343435 48.764040404040415 16.23222222222222 1.665757575757576 0.9418181818181818 0.3493939393939394 0.0 0.0 0.0 
Burnt_avg = 0.0 0.0 0.0 0.0 0.0 0.0 0.0 0.0 0.0 0.0 0.0 
Burnt_var = 0.0 0.0 0.0 0.0 0.0 0.0 0.0 0.0 0.0 0.0 0.0 
Indirect Learning: 
Utility_avg = 175.6158069529861 177.30619686520714 187.00286941530197 195.31239368200596 201.48737182396178 204.31639397713133 205.23704794795074 205.55347769939073 205.6376541395803 205.6376541395803 205.6376541395803 
Utility_var = 18.83621875377576 23.051455696321838 17.900773642474793 7.855230625228524 4.5141828481264605 1.5292437910590488 0.48097273804064955 0.06715165936788382 7.343577881330147e-27 7.343577881330147e-27 7.343577881330147e-27 
Consistency_avg = 1.0 1.0 1.0 1.0 1.0 1.0 1.0 1.0 1.0 1.0 1.0 
Consistency_var = 0.0 0.0 0.0 0.0 0.0 0.0 0.0 0.0 0.0 0.0 0.0 
Loss_avg = 0.0 0.0 0.0 0.0 0.0 0.0 0.0 0.0 0.0 0.0 0.0 
Loss_var = 0.0 0.0 0.0 0.0 0.0 0.0 0.0 0.0 0.0 0.0 0.0 
Envy_avg = 338.88 286.9 188.91 83.76 21.92 4.91 0.94 0.17 0.0 0.0 0.0 
Envy_var = 1883.217777777778 1715.8888888888887 1287.698888888889 603.9620202020202 170.55919191919193 19.032222222222224 2.2589898989898995 0.26373737373737377 0.0 0.0 0.0 
Burnt_avg = 0.0 0.0 0.0 0.0 0.0 0.0 0.0 0.0 0.0 0.0 0.0 
Burnt_var = 0.0 0.0 0.0 0.0 0.0 0.0 0.0 0.0 0.0 0.0 0.0 

Constant Sample Size 5:
Opt_avg = 211.9442044595819
Opt_var = 0
OptEq_avg = 205.6376541395804
OptEq_var = 0
Direct Learning: 
Utility_avg = 44.31215344348252 98.08064567450621 157.77332615709943 180.02168981852617 188.60808492241333 191.23234093410133 194.13120650616642 198.81163874605198 201.44306437197142 202.16180121178743 203.40015251932016 
Utility_var = 36.54520166595569 68.41481991885405 69.73216893594294 26.266924640717633 10.340766049234036 5.250046581476744 10.128256225828736 7.675881563781376 1.0780084532936365 2.144536809214158 3.9733656366796777 
Consistency_avg = 1.0 1.0 1.0 1.0 1.0 1.0 1.0 1.0 1.0 1.0 1.0 
Consistency_var = 0.0 0.0 0.0 0.0 0.0 0.0 0.0 0.0 0.0 0.0 0.0 
Loss_avg = 0.65633 0.09733 0.00456 0.00043000000000000004 5e-05 3e-05 0.0 0.0 0.0 0.0 0.0 
Loss_var = 0.012915536464646465 0.0018734960606060609 2.2652929292929296e-05 7.324242424242428e-07 4.797979797979799e-08 2.9393939393939386e-08 0.0 0.0 0.0 0.0 0.0 
Envy_avg = 49.43 62.06 40.29 21.04 11.68 8.99 6.25 3.84 2.05 1.69 1.06 
Envy_var = 149.62131313131314 250.400404040404 98.79383838383839 30.725656565656564 10.62383838383838 4.4342424242424245 5.502525252525253 5.448888888888887 0.22979797979797986 0.5190909090909089 0.986262626262626 
Burnt_avg = 0.0 0.0 0.0 0.0 0.0 0.0 0.0 0.0 0.0 0.0 0.0 
Burnt_var = 0.0 0.0 0.0 0.0 0.0 0.0 0.0 0.0 0.0 0.0 0.0 
Indirect Learning: 
Utility_avg = 173.07016697149209 180.23207010131486 189.51008949577746 196.84940158860843 200.73821475609452 202.66884335386473 203.4809744286874 204.2233520044456 204.92842875705182 205.18500457706276 205.31465352133054 
Utility_var = 18.70086956578054 19.941003660760433 16.511881845820252 10.490994724367058 5.879398321123885 2.399372036548991 1.634062161144185 1.0059646829759312 0.3666582343776956 0.2161064980269584 0.19440003060264188 
Consistency_avg = 1.0 1.0 1.0 1.0 1.0 1.0 1.0 1.0 1.0 1.0 1.0 
Consistency_var = 0.0 0.0 0.0 0.0 0.0 0.0 0.0 0.0 0.0 0.0 0.0 
Loss_avg = 0.0 0.0 0.0 0.0 0.0 0.0 0.0 0.0 0.0 0.0 0.0 
Loss_var = 0.0 0.0 0.0 0.0 0.0 0.0 0.0 0.0 0.0 0.0 0.0 
Envy_avg = 335.63 264.26 155.35 60.71 22.72 11.98 7.82 4.3 1.73 0.93 0.64 
Envy_var = 1638.3162626262629 2193.729696969697 1324.7348484848483 608.1675757575757 91.2339393939394 26.96929292929293 13.603636363636364 8.232323232323232 2.683939393939395 0.8738383838383839 0.7175757575757575 
Burnt_avg = 0.0 0.0 0.0 0.0 0.0 0.0 0.0 0.0 0.0 0.0 0.0 
Burnt_var = 0.0 0.0 0.0 0.0 0.0 0.0 0.0 0.0 0.0 0.0 0.0 

Constant Sample Size 7:
Opt_avg = 211.9442044595819
Opt_var = 0
OptEq_avg = 205.6376541395804
OptEq_var = 0
Direct Learning: 
Utility_avg = 53.293208572377026 117.61065317153295 163.67460844331106 176.0846144684034 184.06929587493198 187.43662019929218 189.65094818279846 190.4147465805592 191.0277958065649 193.67156820892535 198.4257227630822 
Utility_var = 70.86620394860876 107.91280106153037 54.249989242420895 28.409938664961782 11.519220772466667 5.619475091632643 4.433113116505917 1.123347499439223 3.018932137514633 8.578821521231575 6.1693484817069395 
Consistency_avg = 1.0 1.0 1.0 1.0 1.0 1.0 1.0 1.0 1.0 1.0 1.0 
Consistency_var = 0.0 0.0 0.0 0.0 0.0 0.0 0.0 0.0 0.0 0.0 0.0 
Loss_avg = 0.26951 0.004780000000000001 0.00016 0.0 0.0 0.0 0.0 0.0 0.0 0.0 0.0 
Loss_var = 0.015131444343434344 3.209252525252526e-05 2.1656565656565655e-07 0.0 0.0 0.0 0.0 0.0 0.0 0.0 0.0 
Envy_avg = 56.96 67.26 40.78 25.9 15.93 11.5 10.57 8.32 7.56 6.37 3.58 
Envy_var = 245.79636363636365 281.0630303030303 95.28444444444445 33.888888888888886 22.3889898989899 4.9393939393939394 4.7324242424242415 1.8561616161616157 1.6024242424242423 5.73040404040404 4.104646464646465 
Burnt_avg = 0.0 0.0 0.0 0.0 0.0 0.0 0.0 0.0 0.0 0.0 0.0 
Burnt_var = 0.0 0.0 0.0 0.0 0.0 0.0 0.0 0.0 0.0 0.0 0.0 
Indirect Learning: 
Utility_avg = 174.4910936820819 181.37676852167678 190.99460276088234 197.5385585150216 199.96157747918483 201.56971956161203 202.77892263247878 203.17105093180646 203.4689881333778 203.86064309857764 204.4112341330807 
Utility_var = 25.746957109752024 17.42379526760344 12.373643144954002 8.402280841651105 5.311705450152259 4.408295180146949 2.3806898065812345 1.9007858390570698 1.7353191149277718 1.288072166295459 0.6741426142948301 
Consistency_avg = 1.0 1.0 1.0 1.0 1.0 1.0 1.0 1.0 1.0 1.0 1.0 
Consistency_var = 0.0 0.0 0.0 0.0 0.0 0.0 0.0 0.0 0.0 0.0 0.0 
Loss_avg = 0.0 0.0 0.0 0.0 0.0 0.0 0.0 0.0 0.0 0.0 0.0 
Loss_var = 0.0 0.0 0.0 0.0 0.0 0.0 0.0 0.0 0.0 0.0 0.0 
Envy_avg = 330.41 248.28 134.17 49.86 28.6 17.22 11.04 9.27 7.23 5.83 3.45 
Envy_var = 2312.0827272727274 1601.94101010101 1136.4859595959597 311.3539393939394 95.99999999999999 57.38545454545455 19.594343434343433 14.663737373737375 10.663737373737371 10.021313131313132 6.472222222222221 
Burnt_avg = 0.0 0.0 0.0 0.0 0.0 0.0 0.0 0.0 0.0 0.0 0.0 
Burnt_var = 0.0 0.0 0.0 0.0 0.0 0.0 0.0 0.0 0.0 0.0 0.0 

Constant Sample Size 10:
Opt_avg = 211.9442044595819
Opt_var = 0
OptEq_avg = 205.6376541395804
OptEq_var = 0
Direct Learning: 
Utility_avg = 65.52623399045554 133.1869343666118 161.56706125225833 172.5857279182277 179.04693831070645 182.35373383558237 185.16386639397504 186.5747247338208 188.7343468610297 189.90911006105878 190.10616738344612 
Utility_var = 118.83114963480968 97.94883221841155 35.16923759910212 21.375493096694484 12.644088849483635 12.443090458804981 4.092242433934864 4.164328676458793 4.035121732441048 0.5720110276266703 0.007327778566530908 
Consistency_avg = 1.0 1.0 1.0 1.0 1.0 1.0 1.0 1.0 1.0 1.0 1.0 
Consistency_var = 0.0 0.0 0.0 0.0 0.0 0.0 0.0 0.0 0.0 0.0 0.0 
Loss_avg = 0.012799999999999999 2e-05 0.0 0.0 0.0 0.0 0.0 0.0 0.0 0.0 0.0 
Loss_var = 0.0003543232323232323 1.9797979797979806e-08 0.0 0.0 0.0 0.0 0.0 0.0 0.0 0.0 0.0 
Envy_avg = 68.1 73.87 47.18 34.54 27.88 21.41 13.03 11.41 11.38 10.4 8.9 
Envy_var = 439.10101010101005 254.94252525252523 67.3410101010101 27.48323232323233 17.136969696969697 37.55747474747475 11.74656565656565 1.294848484848485 2.0763636363636357 2.727272727272727 2.4545454545454546 
Burnt_avg = 0.0 0.0 0.0 0.0 0.0 0.0 0.0 0.0 0.0 0.0 0.0 
Burnt_var = 0.0 0.0 0.0 0.0 0.0 0.0 0.0 0.0 0.0 0.0 0.0 
Indirect Learning: 
Utility_avg = 176.22443548076612 183.4818417567369 192.87431023155358 197.14238793371698 198.7931045224816 199.966848190824 201.20156794684618 202.28715007724117 202.50270841276503 202.84329122360887 203.26216357113523 
Utility_var = 23.61466653638957 17.954467797731848 14.496558545145696 8.964183583438796 5.437956410779082 5.381707967806094 4.33937374997313 3.4609833450076404 2.1235815583408333 1.8156441000567998 1.7979557435424725 
Consistency_avg = 1.0 1.0 1.0 1.0 1.0 1.0 1.0 1.0 1.0 1.0 1.0 
Consistency_var = 0.0 0.0 0.0 0.0 0.0 0.0 0.0 0.0 0.0 0.0 0.0 
Loss_avg = 0.0 0.0 0.0 0.0 0.0 0.0 0.0 0.0 0.0 0.0 0.0 
Loss_var = 0.0 0.0 0.0 0.0 0.0 0.0 0.0 0.0 0.0 0.0 0.0 
Envy_avg = 319.73 227.0 104.96 51.51 34.01 27.4 19.9 13.51 12.02 10.93 9.08 
Envy_var = 2128.663737373737 1749.050505050505 1104.4832323232324 272.5958585858586 94.1110101010101 78.80808080808082 49.9090909090909 21.807979797979797 17.635959595959598 16.065757575757576 14.842020202020205 
Burnt_avg = 0.0 0.0 0.0 0.0 0.0 0.0 0.0 0.0 0.0 0.0 0.0 
Burnt_var = 0.0 0.0 0.0 0.0 0.0 0.0 0.0 0.0 0.0 0.0 0.0 

Uniform Product Distribution:
Opt_avg = 211.9442044595819
Opt_var = 0
OptEq_avg = 205.6376541395804
OptEq_var = 0
Direct Learning: 
Utility_avg = 89.95270956697375 136.58106048606516 148.51752349343434 154.77772951571384 163.7835618100034 169.58841432661575 176.0244449965622 177.32333733655602 178.46304614536254 181.07864003859248 182.83351018416914 
Utility_var = 252.55708179123135 58.02788453247404 38.63582735541416 40.086055133021524 13.612162604103275 18.125445879771636 5.223905132107286 0.7877492888381681 5.835102892412386 8.008189887331714 9.313315386915825 
Consistency_avg = 1.0 1.0 1.0 1.0 1.0 1.0 1.0 1.0 1.0 1.0 1.0 
Consistency_var = 0.0 0.0 0.0 0.0 0.0 0.0 0.0 0.0 0.0 0.0 0.0 
Loss_avg = 0.0005899999999999999 0.0 0.0 0.0 0.0 0.0 0.0 0.0 0.0 0.0 0.0 
Loss_var = 2.9355454545454535e-05 0.0 0.0 0.0 0.0 0.0 0.0 0.0 0.0 0.0 0.0 
Envy_avg = 96.61 84.69 67.34 57.68 48.88 41.26 31.45 29.91 29.47 27.8 22.25 
Envy_var = 671.4524242424242 369.89282828282836 95.07515151515152 111.51272727272728 32.87434343434342 36.456969696969686 8.674242424242424 0.2241414141414142 5.100101010101009 21.050505050505055 41.50252525252525 
Burnt_avg = 0.0 0.0 0.0 0.0 0.0 0.0 0.0 0.0 0.0 0.0 0.0 
Burnt_var = 0.0 0.0 0.0 0.0 0.0 0.0 0.0 0.0 0.0 0.0 0.0 
Indirect Learning: 
Utility_avg = 177.3448727233885 186.0817045706652 191.448005310408 194.13550357143566 196.05664798326927 197.23526709328377 198.46483448177645 199.37985168447332 199.60883648953458 200.35648249150626 200.7309768053946 
Utility_var = 22.114274983298994 17.59993677546419 10.495054879236358 7.0881413270164515 7.116853820838459 6.656251662862709 4.390968860012894 5.866882271329333 5.361688837645587 4.864085377348222 5.847063187916829 
Consistency_avg = 1.0 1.0 1.0 1.0 1.0 1.0 1.0 1.0 1.0 1.0 1.0 
Consistency_var = 0.0 0.0 0.0 0.0 0.0 0.0 0.0 0.0 0.0 0.0 0.0 
Loss_avg = 0.0 0.0 0.0 0.0 0.0 0.0 0.0 0.0 0.0 0.0 0.0 
Loss_var = 0.0 0.0 0.0 0.0 0.0 0.0 0.0 0.0 0.0 0.0 0.0 
Envy_avg = 304.5 194.46 101.47 75.89 59.81 49.99 39.7 33.77 31.97 28.05 24.28 
Envy_var = 2136.151515151515 1550.2711111111116 601.3829292929294 210.62414141414138 170.1554545454545 134.13121212121214 99.38383838383838 81.14858585858586 76.91828282828283 72.1489898989899 78.93090909090908 
Burnt_avg = 0.0 0.0 0.0 0.0 0.0 0.0 0.0 0.0 0.0 0.0 0.0 
Burnt_var = 0.0 0.0 0.0 0.0 0.0 0.0 0.0 0.0 0.0 0.0 0.0 

