Constant Sample Size 1:
Opt_avg = 166.2895004608841
Opt_var = 0
OptEq_avg = 159.761060482881
OptEq_var = 0
Direct Learning: 
Utility_avg = 28.36733338541377 47.40974964383096 79.7691924396395 120.98872278536527 151.9833188289557 159.49982139331476 159.76106048288102 159.76106048288102 159.76106048288102 159.76106048288102 159.76106048288102 
Utility_var = 8.828669837237355 25.43815292988107 57.422253769329885 74.69409762621655 50.9861991205296 0.8300548166443471 3.2638123917022874e-27 3.2638123917022874e-27 3.2638123917022874e-27 3.2638123917022874e-27 3.2638123917022874e-27 
Consistency_avg = 1.0 1.0 1.0 1.0 1.0 1.0 1.0 1.0 1.0 1.0 1.0 
Consistency_var = 0.0 0.0 0.0 0.0 0.0 0.0 0.0 0.0 0.0 0.0 0.0 
Loss_avg = 0.8431099999999998 0.7135900000000001 0.5122300000000001 0.25622 0.06411 0.00408 0.0 0.0 0.0 0.0 0.0 
Loss_var = 0.00041541202020202076 0.0009413958585858586 0.0026540980808080813 0.0025803955555555556 0.0023728059595959595 0.0001549430303030303 0.0 0.0 0.0 0.0 0.0 
Envy_avg = 48.57 47.87 45.65 39.66 24.19 2.61 0.0 0.0 0.0 0.0 0.0 
Envy_var = 0.3485858585858586 1.063737373737374 3.260101010101011 9.317575757575757 164.74131313131312 56.361515151515164 0.0 0.0 0.0 0.0 0.0 
Burnt_avg = 0.0 0.0 0.0 0.0 0.0 0.0 0.0 0.0 0.0 0.0 0.0 
Burnt_var = 0.0 0.0 0.0 0.0 0.0 0.0 0.0 0.0 0.0 0.0 0.0 
Indirect Learning: 
Utility_avg = 132.94760561680414 133.82509643701604 140.35262397784382 148.84901541079924 156.30799333013903 159.50064557850612 159.76106048288102 159.76106048288102 159.76106048288102 159.76106048288102 159.76106048288102 
Utility_var = 7.574805600071704 9.554924428296331 11.649014493376333 11.118020852443287 6.783398371006796 0.6884484433371302 3.2638123917022874e-27 3.2638123917022874e-27 3.2638123917022874e-27 3.2638123917022874e-27 3.2638123917022874e-27 
Consistency_avg = 1.0 1.0 1.0 1.0 1.0 1.0 1.0 1.0 1.0 1.0 1.0 
Consistency_var = 0.0 0.0 0.0 0.0 0.0 0.0 0.0 0.0 0.0 0.0 0.0 
Loss_avg = 0.83884 0.70656 0.49973 0.25351999999999997 0.06087 0.00392 0.0 0.0 0.0 0.0 0.0 
Loss_var = 0.0008454690909090911 0.0013204913131313126 0.0025421586868686875 0.00300873696969697 0.00205639707070707 0.000129629898989899 0.0 0.0 0.0 0.0 0.0 
Envy_avg = 180.08 160.44 104.86 47.58 11.12 0.4 0.0 0.0 0.0 0.0 0.0 
Envy_var = 562.2561616161618 443.92565656565654 390.949898989899 242.83191919191918 96.45010101010102 1.8989898989898983 0.0 0.0 0.0 0.0 0.0 
Burnt_avg = 0.0 0.0 0.0 0.0 0.0 0.0 0.0 0.0 0.0 0.0 0.0 
Burnt_var = 0.0 0.0 0.0 0.0 0.0 0.0 0.0 0.0 0.0 0.0 0.0 

Constant Sample Size 3:
Opt_avg = 166.2895004608841
Opt_var = 0
OptEq_avg = 159.761060482881
OptEq_var = 0
Direct Learning: 
Utility_avg = 40.14883765840041 78.28451574327448 127.94597854680573 154.93885399448658 159.20619020910826 159.64638052846442 159.70100912901805 159.76106048288102 159.76106048288102 159.76106048288102 159.76106048288102 
Utility_var = 25.91880882278738 57.634582388114566 68.83363072415243 27.042926600833578 3.9627335247060937 0.3819217242733772 0.3070787613333199 3.2638123917022874e-27 3.2638123917022874e-27 3.2638123917022874e-27 3.2638123917022874e-27 
Consistency_avg = 1.0 1.0 1.0 1.0 1.0 1.0 1.0 1.0 1.0 1.0 1.0 
Consistency_var = 0.0 0.0 0.0 0.0 0.0 0.0 0.0 0.0 0.0 0.0 0.0 
Loss_avg = 0.7691500000000001 0.33604000000000006 0.04413 0.00048 0.0 0.0 0.0 0.0 0.0 0.0 0.0 
Loss_var = 0.0064798459595959606 0.004273776161616161 0.0009067607070707069 1.969292929292929e-06 0.0 0.0 0.0 0.0 0.0 0.0 0.0 
Envy_avg = 59.85 72.08 66.69 29.26 5.54 0.57 0.04 0.0 0.0 0.0 0.0 
Envy_var = 229.84595959595958 399.85212121212123 306.559494949495 320.51757575757574 49.382222222222225 1.9041414141414141 0.09939393939393935 0.0 0.0 0.0 0.0 
Burnt_avg = 0.0 0.0 0.0 0.0 0.0 0.0 0.0 0.0 0.0 0.0 0.0 
Burnt_var = 0.0 0.0 0.0 0.0 0.0 0.0 0.0 0.0 0.0 0.0 0.0 
Indirect Learning: 
Utility_avg = 133.739105723011 139.81262475476117 145.23784724431184 151.6571759133474 155.76571172123923 158.53863693973668 159.62841198596382 159.76106048288102 159.76106048288102 159.76106048288102 159.76106048288102 
Utility_var = 13.18213074877505 15.277512840637435 12.570658393058343 10.554498743546143 8.392229262957017 4.601882682799731 0.595893485528566 3.2638123917022874e-27 3.2638123917022874e-27 3.2638123917022874e-27 3.2638123917022874e-27 
Consistency_avg = 1.0 1.0 1.0 1.0 1.0 1.0 1.0 1.0 1.0 1.0 1.0 
Consistency_var = 0.0 0.0 0.0 0.0 0.0 0.0 0.0 0.0 0.0 0.0 0.0 
Loss_avg = 0.0 0.0 0.0 0.0 0.0 0.0 0.0 0.0 0.0 0.0 0.0 
Loss_var = 0.0 0.0 0.0 0.0 0.0 0.0 0.0 0.0 0.0 0.0 0.0 
Envy_avg = 170.76 129.98 78.79 32.62 8.22 1.19 0.14 0.0 0.0 0.0 0.0 
Envy_var = 750.4266666666666 761.2925252525254 447.33929292929287 223.1268686868687 42.314747474747485 4.781717171717171 0.3236363636363636 0.0 0.0 0.0 0.0 
Burnt_avg = 0.0 0.0 0.0 0.0 0.0 0.0 0.0 0.0 0.0 0.0 0.0 
Burnt_var = 0.0 0.0 0.0 0.0 0.0 0.0 0.0 0.0 0.0 0.0 0.0 

Constant Sample Size 5:
Opt_avg = 166.2895004608841
Opt_var = 0
OptEq_avg = 159.761060482881
OptEq_var = 0
Direct Learning: 
Utility_avg = 50.12159481634237 94.99092512577798 138.90800331295657 150.0884357225772 157.1661036280682 160.52032140089779 159.63470246541294 159.33266200867212 159.75875603807083 159.76106048288102 159.76106048288102 
Utility_var = 38.056203754379986 111.3137032542963 55.76957673285286 57.63234190872154 32.58872968277444 7.084902864546981 4.944237434172665 3.091521325430025 0.01323511766352667 3.2638123917022874e-27 3.2638123917022874e-27 
Consistency_avg = 1.0 1.0 1.0 1.0 1.0 1.0 1.0 1.0 1.0 1.0 1.0 
Consistency_var = 0.0 0.0 0.0 0.0 0.0 0.0 0.0 0.0 0.0 0.0 0.0 
Loss_avg = 0.33588000000000007 0.026080000000000006 0.00024 1e-05 0.0 0.0 0.0 0.0 0.0 0.0 0.0 
Loss_var = 0.009646167272727274 0.0005531450505050503 6.286868686868688e-07 1e-08 0.0 0.0 0.0 0.0 0.0 0.0 0.0 
Envy_avg = 65.46 76.65 80.69 59.06 31.88 18.21 7.75 1.93 0.1 0.0 0.0 
Envy_var = 270.27111111111117 439.6439393939395 263.52919191919193 344.9660606060607 221.68242424242422 101.52111111111111 25.946969696969695 11.78292929292929 0.41414141414141414 0.0 0.0 
Burnt_avg = 0.0 0.0 0.0 0.0 0.0 0.0 0.0 0.0 0.0 0.0 0.0 
Burnt_var = 0.0 0.0 0.0 0.0 0.0 0.0 0.0 0.0 0.0 0.0 0.0 
Indirect Learning: 
Utility_avg = 135.98606479352347 141.28719178399962 147.30456272000762 151.21327482059672 153.096785464981 155.6415683067061 156.72037031599072 158.85806997082054 159.63553247123826 159.76106048288102 159.76106048288102 
Utility_var = 11.067512137067071 18.61729027673722 12.13701484436891 7.5498115059712765 7.890242308634203 6.531389900305177 6.278412577201905 3.17868520583567 0.4299465686923942 3.2638123917022874e-27 3.2638123917022874e-27 
Consistency_avg = 1.0 1.0 1.0 1.0 1.0 1.0 1.0 1.0 1.0 1.0 1.0 
Consistency_var = 0.0 0.0 0.0 0.0 0.0 0.0 0.0 0.0 0.0 0.0 0.0 
Loss_avg = 0.0 0.0 0.0 0.0 0.0 0.0 0.0 0.0 0.0 0.0 0.0 
Loss_var = 0.0 0.0 0.0 0.0 0.0 0.0 0.0 0.0 0.0 0.0 0.0 
Envy_avg = 164.53 122.04 63.39 29.72 17.63 6.79 2.65 0.91 0.23 0.0 0.0 
Envy_var = 728.049595959596 764.9074747474749 322.1190909090909 109.6379797979798 64.27585858585859 23.460505050505052 3.361111111111111 1.537272727272727 0.4415151515151516 0.0 0.0 
Burnt_avg = 0.0 0.0 0.0 0.0 0.0 0.0 0.0 0.0 0.0 0.0 0.0 
Burnt_var = 0.0 0.0 0.0 0.0 0.0 0.0 0.0 0.0 0.0 0.0 0.0 

Constant Sample Size 7:
Opt_avg = 166.2895004608841
Opt_var = 0
OptEq_avg = 159.761060482881
OptEq_var = 0
Direct Learning: 
Utility_avg = 58.08997941397261 107.76789798802437 138.02504992925986 146.78856282363427 152.320735978242 156.6214106752298 160.14700232069225 160.9424864139177 160.35007810107754 160.18493597166963 159.4685672387771 
Utility_var = 72.40215901296483 110.31535308174209 37.2068428107612 38.62440430796511 41.893745560823774 43.75038393282629 11.119074419889131 3.626088580614253 4.599874614429027 1.705805986342492 2.5625621775875635 
Consistency_avg = 1.0 1.0 1.0 1.0 1.0 1.0 1.0 1.0 1.0 1.0 1.0 
Consistency_var = 0.0 0.0 0.0 0.0 0.0 0.0 0.0 0.0 0.0 0.0 0.0 
Loss_avg = 0.054959999999999995 0.00064 0.0 0.0 0.0 0.0 0.0 0.0 0.0 0.0 0.0 
Loss_var = 0.0020527660606060602 1.7680808080808081e-06 0.0 0.0 0.0 0.0 0.0 0.0 0.0 0.0 0.0 
Envy_avg = 69.92 86.15 83.73 84.96 67.76 45.65 33.74 24.56 14.01 9.33 3.23 
Envy_var = 321.71070707070703 464.8560606060605 390.52232323232323 344.8670707070707 323.25494949494947 218.87626262626262 85.64888888888886 92.87515151515153 37.06050505050505 20.405151515151513 19.875858585858584 
Burnt_avg = 0.0 0.0 0.0 0.0 0.0 0.0 0.0 0.0 0.0 0.0 0.0 
Burnt_var = 0.0 0.0 0.0 0.0 0.0 0.0 0.0 0.0 0.0 0.0 0.0 
Indirect Learning: 
Utility_avg = 137.0520859013838 141.79919510626894 147.37923749140816 150.30466198917264 152.17822407363641 153.1108038302374 154.68383158681485 155.92128367328067 157.41653429199968 158.01174412446764 158.9743324403933 
Utility_var = 13.034046334866394 17.952290493944275 11.375558777478242 9.920205573662326 8.963558322729407 8.468134135174537 7.934262800327991 7.21593605193811 4.449036430415604 4.7236544864767085 2.587190553646799 
Consistency_avg = 1.0 1.0 1.0 1.0 1.0 1.0 1.0 1.0 1.0 1.0 1.0 
Consistency_var = 0.0 0.0 0.0 0.0 0.0 0.0 0.0 0.0 0.0 0.0 0.0 
Loss_avg = 0.0 0.0 0.0 0.0 0.0 0.0 0.0 0.0 0.0 0.0 0.0 
Loss_var = 0.0 0.0 0.0 0.0 0.0 0.0 0.0 0.0 0.0 0.0 0.0 
Envy_avg = 159.51 113.52 57.96 31.01 23.4 16.82 8.16 4.14 2.61 1.93 1.01 
Envy_var = 817.161515151515 717.7268686868688 271.59434343434344 68.95949494949495 55.59595959595961 49.78545454545455 25.448888888888888 8.909494949494947 2.6645454545454546 2.6920202020202018 1.4847474747474751 
Burnt_avg = 0.0 0.0 0.0 0.0 0.0 0.0 0.0 0.0 0.0 0.0 0.0 
Burnt_var = 0.0 0.0 0.0 0.0 0.0 0.0 0.0 0.0 0.0 0.0 0.0 

Constant Sample Size 10:
Opt_avg = 166.2895004608841
Opt_var = 0
OptEq_avg = 159.761060482881
OptEq_var = 0
Direct Learning: 
Utility_avg = 71.41520459514291 114.26007210286251 131.3040524280771 142.60886716752623 147.75129627735794 150.24398936767858 153.15902544218596 158.27196137594612 159.30424962599253 160.2438718142394 161.11055497439224 
Utility_var = 153.6019659494734 101.83780073719045 37.58055003860487 22.72587618216056 9.556050700892776 21.591851331979285 28.09479650306945 23.214546820230446 18.839457601719523 12.469419848486362 0.37581041381179076 
Consistency_avg = 1.0 1.0 1.0 1.0 1.0 1.0 1.0 1.0 1.0 1.0 1.0 
Consistency_var = 0.0 0.0 0.0 0.0 0.0 0.0 0.0 0.0 0.0 0.0 0.0 
Loss_avg = 0.00066 3e-05 0.0 0.0 0.0 0.0 0.0 0.0 0.0 0.0 0.0 
Loss_var = 7.135757575757575e-06 4.95959595959596e-08 0.0 0.0 0.0 0.0 0.0 0.0 0.0 0.0 0.0 
Envy_avg = 83.69 87.23 83.53 90.21 96.34 92.29 71.38 59.26 46.3 35.73 34.44 
Envy_var = 409.5291919191918 294.5627272727272 364.130404040404 161.92515151515153 147.23676767676767 268.69282828282826 220.58141414141411 166.09333333333336 193.28282828282823 45.9768686868687 27.82464646464645 
Burnt_avg = 0.0 0.0 0.0 0.0 0.0 0.0 0.0 0.0 0.0 0.0 0.0 
Burnt_var = 0.0 0.0 0.0 0.0 0.0 0.0 0.0 0.0 0.0 0.0 0.0 
Indirect Learning: 
Utility_avg = 137.22167303450544 143.67320943809946 147.9895538754298 149.81330637820125 151.04653151990757 151.32846751853447 151.5033733417792 152.6107150833619 153.72488471601773 155.30727465064786 156.63915467046544 
Utility_var = 14.770494038168927 13.265605563289203 10.479737013116617 8.165738012004036 5.877539696249303 6.926148511235032 9.527157916321006 7.192539810180558 6.933842267745251 6.673615433876555 5.1511655580749585 
Consistency_avg = 1.0 1.0 1.0 1.0 1.0 1.0 1.0 1.0 1.0 1.0 1.0 
Consistency_var = 0.0 0.0 0.0 0.0 0.0 0.0 0.0 0.0 0.0 0.0 0.0 
Loss_avg = 0.0 0.0 0.0 0.0 0.0 0.0 0.0 0.0 0.0 0.0 0.0 
Loss_var = 0.0 0.0 0.0 0.0 0.0 0.0 0.0 0.0 0.0 0.0 0.0 
Envy_avg = 152.42 96.19 52.15 33.27 26.38 25.91 22.77 15.96 11.76 6.71 3.79 
Envy_var = 702.0036363636364 693.1049494949497 223.88636363636363 111.6940404040404 36.74303030303031 43.59787878787879 55.431414141414145 37.028686868686876 25.719595959595964 17.90494949494949 5.601919191919192 
Burnt_avg = 0.0 0.0 0.0 0.0 0.0 0.0 0.0 0.0 0.0 0.0 0.0 
Burnt_var = 0.0 0.0 0.0 0.0 0.0 0.0 0.0 0.0 0.0 0.0 0.0 

Uniform Product Distribution:
Opt_avg = 166.2895004608841
Opt_var = 0
OptEq_avg = 159.761060482881
OptEq_var = 0
Direct Learning: 
Utility_avg = 81.37492830696125 114.20042139292607 122.65319102439716 129.22310253016195 137.81043706686194 145.29287145468973 148.79633131954262 150.28542148936603 150.91665721925608 154.77631557687516 158.12576972688228 
Utility_var = 147.2432979321277 40.33052976189283 25.074741642853226 27.1527684347974 19.827324045535754 10.718326448462347 8.191686710640736 11.389695057616402 25.808787222460158 28.767411627529928 28.710840462343832 
Consistency_avg = 1.0 1.0 1.0 1.0 1.0 1.0 1.0 1.0 1.0 1.0 1.0 
Consistency_var = 0.0 0.0 0.0 0.0 0.0 0.0 0.0 0.0 0.0 0.0 0.0 
Loss_avg = 5e-05 1e-05 0.0 0.0 0.0 0.0 0.0 0.0 0.0 0.0 0.0 
Loss_var = 4.7979797979797985e-08 1e-08 0.0 0.0 0.0 0.0 0.0 0.0 0.0 0.0 0.0 
Envy_avg = 91.99 92.71 84.55 81.1 83.41 92.83 99.96 99.23 83.19 65.16 55.77 
Envy_var = 536.9594949494949 203.8039393939394 153.76515151515153 288.7979797979798 167.79989898989896 97.15262626262627 107.02868686868689 192.05767676767672 323.630202020202 179.28727272727266 215.51222222222225 
Burnt_avg = 0.0 0.0 0.0 0.0 0.0 0.0 0.0 0.0 0.0 0.0 0.0 
Burnt_var = 0.0 0.0 0.0 0.0 0.0 0.0 0.0 0.0 0.0 0.0 0.0 
Indirect Learning: 
Utility_avg = 137.9104760573902 143.3436726290745 146.92374540324948 146.88310038038284 149.28549944937978 150.08178165687312 150.91438680387222 150.9801842709453 151.36683410406812 152.31919083167483 153.35004156531312 
Utility_var = 19.07812693567144 15.603256209396998 8.51520664295792 8.393011483327806 8.075131839019393 5.93779961129805 5.703457516381246 8.150203315626271 7.480041408026738 8.156558314056157 7.2233999948713885 
Consistency_avg = 1.0 1.0 1.0 1.0 1.0 1.0 1.0 1.0 1.0 1.0 1.0 
Consistency_var = 0.0 0.0 0.0 0.0 0.0 0.0 0.0 0.0 0.0 0.0 0.0 
Loss_avg = 0.0 0.0 0.0 0.0 0.0 0.0 0.0 0.0 0.0 0.0 0.0 
Loss_var = 0.0 0.0 0.0 0.0 0.0 0.0 0.0 0.0 0.0 0.0 0.0 
Envy_avg = 146.75 95.92 54.91 45.6 32.43 28.66 25.97 25.55 23.33 18.32 13.85 
Envy_var = 629.5631313131313 534.6804040404041 169.9413131313131 114.24242424242426 73.05565656565656 53.6610101010101 35.38292929292928 38.99747474747475 45.354646464646464 45.8359595959596 40.593434343434346 
Burnt_avg = 0.0 0.0 0.0 0.0 0.0 0.0 0.0 0.0 0.0 0.0 0.0 
Burnt_var = 0.0 0.0 0.0 0.0 0.0 0.0 0.0 0.0 0.0 0.0 0.0 

