982 1 3.079913554101116 1141510156 0 0
982 110 3.032321504689725 1141510040 7 0
982 260 4.022423401974046 1141503419 9 0
982 296 5.0943690082841995 1141503247 3 0
982 318 4.58572359889175 1141503412 6 0
982 356 2.5134278089239284 1141510010 1 0
982 377 3.584556281443131 1141510189 17 0
982 380 2.56959668309955 1141510153 21 0
982 457 3.0692559423063783 1141510023 20 0
982 480 3.077492948418876 1141510020 2 0
982 589 3.518074575547854 1141503119 5 0
982 592 3.0068286653880314 1141510027 18 0
982 593 3.516100226312873 1141503513 4 0
982 648 2.5077986851225265 1141510230 19 0
982 780 2.535308468949317 1141510160 8 0
982 1036 4.030952266274054 1141503484 16 0
982 1196 4.040256215386029 1141503191 11 0
982 1198 4.0947298832339705 1141503375 12 0
982 1210 3.5310299927829143 1141510164 10 0
982 1240 4.076041942409935 1141510377 14 0
982 1270 3.5255667408401314 1141510219 13 0
982 1291 4.022032241001429 1141510469 15 0
982 1580 3.032357696114372 1141510403 22 0
982 2028 3.559692742994058 1141510195 27 0
982 2571 3.521490078680764 1141503436 23 0
982 2628 3.0709609454770037 1141510423 25 0
982 2716 3.0081114501391952 1141510497 26 0
982 2762 3.5122239972032823 1141510278 24 0
982 2858 4.0899074153731325 1141503999 29 0
982 3578 3.584630380700739 1141510485 28 0
4529 1 4.090756559891784 1174512832 0 1
4529 110 2.5421320900646958 1174512822 7 1
4529 260 3.0053051165176625 1174512819 9 1
4529 296 4.015007655962201 1174506642 3 1
4529 318 4.072125000569492 1174506004 6 1
4529 356 4.50360527317742 1174512805 1 1
4529 377 4.039091700283108 1174512844 17 1
4529 380 3.0856138988134947 1174512829 21 1
4529 457 2.517218642399381 1174512812 20 1
4529 480 3.5203996190462608 1174512809 2 1
4529 589 4.077709005744872 1174511264 5 1
4529 592 3.501384395529306 1174512814 18 1
4529 593 4.081358327342967 1174510668 4 1
4529 648 2.599357107444157 1174512887 19 1
4529 780 3.528899766272511 1174512835 8 1
4529 1036 4.555107146955049 1174582022 16 1
4529 1196 3.504187073800824 1174512847 11 1
4529 1198 3.592914904643191 1174506646 12 1
4529 1210 3.5382948562473455 1174512838 10 1
4529 1240 4.09731838272348 1174510505 14 1
4529 1270 4.064343977626294 1174512903 13 1
4529 1291 3.0177836092371533 1174582020 15 1
4529 1580 4.0304805089905935 1174581927 22 1
4529 2028 3.0518649090157264 1174512919 27 1
4529 2571 3.0026023887329205 1174510890 23 1
4529 2628 2.518277962214773 1174581995 25 1
4529 2716 4.0217556754679284 1174511546 26 1
4529 2762 2.511297322068105 1174581906 24 1
4529 2858 3.5427803070313275 1174510554 29 1
4529 3578 3.0705685430053333 1174582075 28 1
8405 1 5.045951610455065 1160463838 0 2
8405 110 4.085831647559083 1160464030 7 2
8405 260 5.083782046287967 1160463829 9 2
8405 296 5.099471034551477 1160463818 3 2
8405 318 4.529175476635675 1160463940 6 2
8405 356 4.5538604671390965 1344220422 1 2
8405 377 4.529979005906981 1160464181 17 2
8405 380 3.0108583771646478 1160464097 21 2
8405 457 4.573358656826277 1160463913 20 2
8405 480 4.017059424568401 1160463870 2 2
8405 589 5.089370674971782 1160463834 5 2
8405 592 4.583750251593418 1181398595 18 2
8405 593 5.022782907690339 1160463820 4 2
8405 648 3.5202560206466242 1160464289 19 2
8405 780 3.091568128039564 1160464141 8 2
8405 1036 5.042612280176355 1160532842 16 2
8405 1196 5.03329664828957 1160464189 11 2
8405 1198 5.029824950227125 1160464197 12 2
8405 1210 4.093767904338692 1160464166 10 2
8405 1240 5.003424669203662 1160532257 14 2
8405 1270 4.593834272223041 1160464513 13 2
8405 1291 3.5838021855798146 1160532924 15 2
8405 1580 3.0577425994797354 1160465246 22 2
8405 2028 5.04443342635785 1160464532 27 2
8405 2571 5.060720352305456 1160464521 23 2
8405 2628 3.055716931995989 1160532765 25 2
8405 2716 4.595816238103429 1160532860 26 2
8405 2762 4.034123081011587 1160465000 24 2
8405 2858 4.596112246470476 1160464516 29 2
8405 3578 3.5918069394136163 1160533244 28 2
10916 1 3.5652449398268544 1164354605 0 3
10916 110 3.5787603545061915 1164354413 7 3
10916 260 4.576371515565215 1164349178 9 3
10916 296 4.543816137933955 1164251104 3 3
10916 318 5.035938024772576 1164349604 6 3
10916 356 3.5559408938915156 1164354404 1 3
10916 377 3.5636820411830255 1164354434 17 3
10916 380 3.5369755140783097 1164354613 21 3
10916 457 4.019585588113514 1164354398 20 3
10916 480 5.007502125780176 1164348440 2 3
10916 589 3.5861676592494884 1164348460 5 3
10916 592 4.087910755084138 1164348916 18 3
10916 593 5.00638913058281 1164349613 4 3
10916 648 4.065839917089955 1164354439 19 3
10916 780 3.555197956580665 1164348473 8 3
10916 1036 4.023455911066957 1164354701 16 3
10916 1196 5.01955289655546 1164348858 11 3
10916 1198 5.06952937116902 1164349586 12 3
10916 1210 4.588769670091662 1164348861 10 3
10916 1240 4.046339604926336 1164348866 14 3
10916 1270 4.564456106543244 1164348807 13 3
10916 1291 4.013650312894484 1164354689 15 3
10916 1580 4.001787187507816 1164348413 22 3
10916 2028 4.574026013121213 1164251113 27 3
10916 2571 4.559769522570609 1164251068 23 3
10916 2628 3.0251552663533396 1164348655 25 3
10916 2716 5.031248467436005 1164348829 26 3
10916 2762 3.5873582584448562 1164354510 24 3
10916 2858 4.515519898438712 1164349450 29 3
10916 3578 3.5942429352554663 1164350398 28 3
12131 1 3.025640611006841 1043038120 0 4
12131 110 4.087468338067932 1068076805 7 4
12131 260 2.5351731670286957 1068076529 9 4
12131 296 4.002532700495294 1068075395 3 4
12131 318 4.581315123207008 1068075397 6 4
12131 356 3.020098226376194 1068076407 1 4
12131 377 2.5450240065965026 1068075748 17 4
12131 380 3.0306272439111304 1068077343 21 4
12131 457 3.000666441478237 1068075504 20 4
12131 480 3.092026191235218 1068076560 2 4
12131 589 3.5622706042162493 1068075637 5 4
12131 592 4.579118920790635 1068076912 18 4
12131 593 3.5850075695149735 1068075420 4 4
12131 648 3.0453335498490195 1068087124 19 4
12131 780 3.071614864814037 1068076653 8 4
12131 1036 4.014188542270126 1068075625 16 4
12131 1196 3.094635678042288 1068076526 11 4
12131 1198 3.0318507059638335 1068077190 12 4
12131 1210 3.005923577030487 1043037721 10 4
12131 1240 3.023588941814404 1068075250 14 4
12131 1270 2.0306854882016037 1043037702 13 4
12131 1291 3.5936461785765186 1068077181 15 4
12131 1580 3.0184951530501585 1068076571 22 4
12131 2028 4.086026923166084 1068096416 27 4
12131 2571 4.500806267680847 1068075502 23 4
12131 2628 3.0495661368390543 1068077149 25 4
12131 2716 3.5967862412106184 1068075196 26 4
12131 2762 3.5171953705055863 1068075490 24 4
12131 2858 5.063293643643959 1075271443 29 4
12131 3578 4.015026989341016 1068077179 28 4
13849 1 3.558104872250903 1135885231 0 5
13849 110 3.056703490182708 1135885215 7 5
13849 260 2.0446853333972403 1135885219 9 5
13849 296 4.551625124037598 1135885192 3 5
13849 318 5.08489086261877 1135885206 6 5
13849 356 2.5744815127657557 1135885197 1 5
13849 377 2.0315245126887564 1135885272 17 5
13849 380 2.035827044708435 1135885222 21 5
13849 457 3.0969816228377387 1135885202 20 5
13849 480 2.546535364629335 1135885199 2 5
13849 589 2.5802823508355974 1135885226 5 5
13849 592 3.045958595358127 1135885205 18 5
13849 593 3.5314282201025864 1135885194 4 5
13849 648 2.08012491073126 1135885278 19 5
13849 780 1.563624012882533 1135885236 8 5
13849 1036 2.5142173238670877 1135885558 16 5
13849 1196 2.5283914571961756 1135885253 11 5
13849 1198 3.0912630445533953 1135885308 12 5
13849 1210 2.5080231887908098 1135885250 10 5
13849 1240 3.0000862130634767 1135885404 14 5
13849 1270 2.5950010883892975 1135884935 13 5
13849 1291 3.5563036324734503 1135885561 15 5
13849 1580 3.0973034158019472 1135885413 22 5
13849 2028 2.526231732048853 1135885292 27 5
13849 2571 3.002576164184023 1135885295 23 5
13849 2628 0.5041013310112262 1135884939 25 5
13849 2716 1.5951899306443111 1135885610 26 5
13849 2762 2.5611277462335775 1135885347 24 5
13849 2858 4.560270488328128 1135885311 29 5
13849 3578 2.573955738468705 1135885604 28 5
14519 1 4.06980560640219 1068867264 0 6
14519 110 5.082350075845939 1068866296 7 6
14519 260 5.053217367892881 1073513774 9 6
14519 296 4.009884958798493 1073514192 3 6
14519 318 5.034004801381676 1073514146 6 6
14519 356 4.554180440654621 1068866293 1 6
14519 377 3.5181727339811255 1073514078 17 6
14519 380 4.062762673665726 1068867119 21 6
14519 457 4.089549759477001 1073513965 20 6
14519 480 4.052507389582908 1073513934 2 6
14519 589 3.0134618423780406 1073514700 5 6
14519 592 3.5371859133713963 1082572361 18 6
14519 593 5.02605318156311 1073514182 4 6
14519 648 3.5390781680206764 1068866944 19 6
14519 780 2.5341068679225596 1068866358 8 6
14519 1036 4.000759364780954 1073514933 16 6
14519 1196 4.59343195601536 1075918519 11 6
14519 1198 5.034907905211512 1068865827 12 6
14519 1210 4.516256997932239 1082572370 10 6
14519 1240 4.083686676732405 1073514920 14 6
14519 1270 4.011066527074929 1082572412 13 6
14519 1291 4.587187297800448 1068865865 15 6
14519 1580 3.036069036529538 1068867183 22 6
14519 2028 4.009132159701217 1068866306 27 6
14519 2571 4.570902742884897 1068865691 23 6
14519 2628 2.5954904267344685 1068866640 25 6
14519 2716 4.00856243050509 1082572544 26 6
14519 2762 4.065547947291452 1073514164 24 6
14519 2858 3.516999780947487 1068867094 29 6
14519 3578 4.006573218422411 1068867357 28 6
15529 1 3.512846634031926 1084397092 0 7
15529 110 3.5035397832166817 1084394284 7 7
15529 260 4.564913246136278 1121628287 9 7
15529 296 4.527225275434068 1084397048 3 7
15529 318 3.5934734842056812 1084397083 6 7
15529 356 4.0955846468211075 1084374014 1 7
15529 377 3.077350087123725 1084374185 17 7
15529 380 3.093253479340343 1084374189 21 7
15529 457 3.037281505863998 1084397071 20 7
15529 480 3.0199187642618166 1084373962 2 7
15529 589 4.096698947659686 1084373939 5 7
15529 592 3.0751778978358573 1084322195 18 7
15529 593 4.090624486900012 1084397055 4 7
15529 648 3.593785557688378 1084322084 19 7
15529 780 3.520336798627522 1084366139 8 7
15529 1036 3.5812441552578558 1084323078 16 7
15529 1196 4.033786449825756 1121628295 11 7
15529 1198 4.0751446922206025 1084366104 12 7
15529 1210 3.0759441351888155 1084373912 10 7
15529 1240 3.5968959723577503 1084538490 14 7
15529 1270 3.548131783040581 1084322999 13 7
15529 1291 3.035371648260081 1084321494 15 7
15529 1580 3.0914635697453687 1084373833 22 7
15529 2028 3.5435263222526494 1084322673 27 7
15529 2571 4.081431072748335 1085750572 23 7
15529 2628 2.5429165107237006 1084538615 25 7
15529 2716 2.539507675285093 1084392984 26 7
15529 2762 3.5185111105536695 1084804819 24 7
15529 2858 3.5283041229905736 1084537811 29 7
15529 3578 4.065364297200742 1084397496 28 7
24219 1 5.0979126032164315 1160511183 0 8
24219 110 5.000654124541597 1160510138 7 8
24219 260 4.516620498323287 1160510323 9 8
24219 296 5.017535748015673 1160510085 3 8
24219 318 5.019875690286672 1160510251 6 8
24219 356 5.061672033248385 1160510107 1 8
24219 377 3.5419093981864656 1269570454 17 8
24219 380 3.586499360097348 1269914101 21 8
24219 457 4.013608045538061 1160510098 20 8
24219 480 4.51486151934447 1160510610 2 8
24219 589 5.010391526425838 1266963085 5 8
24219 592 4.513364958476032 1160510103 18 8
24219 593 5.0204033645636645 1160510136 4 8
24219 648 3.5237651864926036 1160511200 19 8
24219 780 4.016693571746111 1160511185 8 8
24219 1036 4.563773237559989 1160511337 16 8
24219 1196 5.039002392169869 1160510306 11 8
24219 1198 4.032941248896074 1223658266 12 8
24219 1210 4.515948861381988 1160510082 10 8
24219 1240 4.56685331364772 1160510977 14 8
24219 1270 5.058161288055427 1160511225 13 8
24219 1291 4.057457307148991 1223658261 15 8
24219 1580 4.098364975992033 1160511274 22 8
24219 2028 5.025997688904068 1199393369 27 8
24219 2571 4.567406779571619 1160510651 23 8
24219 2628 3.016346268010345 1270987400 25 8
24219 2716 4.597133771865402 1160511354 26 8
24219 2762 4.589135148529325 1272743120 24 8
24219 2858 5.090194348160332 1160510079 29 8
24219 3578 5.036744458148085 1229477799 28 8
24688 1 4.009164033820481 975070921 0 9
24688 110 5.066963706768002 974829135 7 9
24688 260 4.0987553608791725 974829501 9 9
24688 296 4.021700886263011 975931057 3 9
24688 318 5.084720731867515 974891217 6 9
24688 356 5.052937348175694 975071630 1 9
24688 377 4.076242306836267 975928642 17 9
24688 380 4.077834823662558 974891778 21 9
24688 457 4.0895309729044955 975928371 20 9
24688 480 3.0721840951789003 974829013 2 9
24688 589 4.05905867764618 974829168 5 9
24688 592 4.083753169576376 974891594 18 9
24688 593 4.015102385918908 975931194 4 9
24688 648 2.0045709589817746 975929117 19 9
24688 780 3.0512200015787085 975635470 8 9
24688 1036 4.099331209652507 975928371 16 9
24688 1196 5.068335772290622 974891504 11 9
24688 1198 5.019598171842257 974891454 12 9
24688 1210 5.056262743262279 974891559 10 9
24688 1240 5.033709940047348 974892248 14 9
24688 1270 5.007083454241675 974892211 13 9
24688 1291 4.54365512869567 1090564360 15 9
24688 1580 4.001117474059882 974829194 22 9
24688 2028 4.053365265830369 975928371 27 9
24688 2571 5.033889051074253 975634694 23 9
24688 2628 4.074896831105137 974891778 25 9
24688 2716 5.022884722644979 975070921 26 9
24688 2762 3.005862635703382 976728750 24 9
24688 2858 5.061636635343432 974887797 29 9
24688 3578 3.08632236243612 974891277 28 9
29575 1 2.5716629471286407 1124598807 0 10
29575 110 4.043742717794705 1124600973 7 10
29575 260 4.077378022022613 1124701270 9 10
29575 296 4.516504896922379 1124701047 3 10
29575 318 3.538513489773587 1124598283 6 10
29575 356 3.518417671703686 1124600168 1 10
29575 377 3.0345890818519514 1124635670 17 10
29575 380 2.5839750625037996 1124636315 21 10
29575 457 3.5068660537526894 1124601631 20 10
29575 480 3.085212339560539 1124634816 2 10
29575 589 2.5945569892843063 1124702146 5 10
29575 592 3.0022237348580325 1124634534 18 10
29575 593 3.001952747232245 1124702137 4 10
29575 648 3.017298273124684 1124636647 19 10
29575 780 2.535395308687577 1124702150 8 10
29575 1036 3.5465548631158477 1124598663 16 10
29575 1196 5.077134665905089 1124701744 11 10
29575 1198 4.585242736406294 1124701077 12 10
29575 1210 4.590378910913733 1124701072 10 10
29575 1240 2.502441330614703 1124633269 14 10
29575 1270 4.01943231434772 1124601680 13 10
29575 1291 4.047200912314829 1124701311 15 10
29575 1580 2.543718844870533 1124634867 22 10
29575 2028 4.53890833898216 1124701133 27 10
29575 2571 3.0076388172332185 1124633233 23 10
29575 2628 3.5457582923761324 1124701758 25 10
29575 2716 3.5040624829660088 1124633398 26 10
29575 2762 3.0592578029694026 1124598893 24 10
29575 2858 4.531171312174673 1124598498 29 10
29575 3578 4.005626290651213 1124600508 28 10
30664 1 3.054842994655497 1220289766 0 11
30664 110 4.51956141958833 1215941597 7 11
30664 260 5.049629754438372 1215941686 9 11
30664 296 4.503601187717225 1215941454 3 11
30664 318 3.510666404731816 1215954170 6 11
30664 356 2.594078364357324 1215954160 1 11
30664 377 4.040227170249786 1215954226 17 11
30664 380 3.5344363643808396 1215954215 21 11
30664 457 4.048975320086855 1215954177 20 11
30664 480 3.533442184883218 1215954166 2 11
30664 589 3.0108993502738852 1215954195 5 11
30664 592 4.0919823179978 1215954184 18 11
30664 593 4.56839293282719 1215941471 4 11
30664 648 3.0475402469655988 1215954241 19 11
30664 780 3.0431786440886985 1215954200 8 11
30664 1036 4.5528608584523775 1215954384 16 11
30664 1196 4.58645781504324 1215941695 11 11
30664 1198 4.014141878797177 1215941659 12 11
30664 1210 4.580925838379083 1215954207 10 11
30664 1240 4.00821077381863 1215954334 14 11
30664 1270 4.055978640792358 1215954253 13 11
30664 1291 4.06097724128656 1215954380 15 11
30664 1580 4.004654014704803 1215954314 22 11
30664 2028 4.564700886136976 1215941667 27 11
30664 2571 5.003435639523214 1215941636 23 11
30664 2628 4.043353852252339 1215954352 25 11
30664 2716 4.018705330664335 1215954395 26 11
30664 2762 4.085578758697481 1215941556 24 11
30664 2858 5.071499353040914 1215941218 29 11
30664 3578 4.079093419370364 1215942479 28 11
31122 1 4.059463276752856 1277390869 0 12
31122 110 5.020949978206266 1277393353 7 12
31122 260 4.578127836639779 1279271268 9 12
31122 296 5.07641307087385 1277394813 3 12
31122 318 5.048507820309045 1277391339 6 12
31122 356 5.055424723001873 1277393569 1 12
31122 377 4.023541149041518 1277390928 17 12
31122 380 4.078329795444924 1277461557 21 12
31122 457 4.0455967826341865 1277390969 20 12
31122 480 4.057242147312484 1277463137 2 12
31122 589 5.004045336941092 1277393619 5 12
31122 592 4.002093256794163 1277399808 18 12
31122 593 4.598634490002095 1277391418 4 12
31122 648 4.054542673314059 1277399955 19 12
31122 780 4.077933179731566 1277390641 8 12
31122 1036 4.06858395638065 1277390918 16 12
31122 1196 5.0477332527345675 1279271327 11 12
31122 1198 5.086691903126158 1277393120 12 12
31122 1210 4.086063195605072 1277393490 10 12
31122 1240 4.040095419801145 1277394484 14 12
31122 1270 4.082337172703186 1277395420 13 12
31122 1291 4.511486245634988 1277393278 15 12
31122 1580 4.004334841270111 1277390902 22 12
31122 2028 5.051279299693332 1277391679 27 12
31122 2571 4.575845286180266 1277391652 23 12
31122 2628 4.019749018410656 1277390960 25 12
31122 2716 3.56463566329624 1277390774 26 12
31122 2762 4.042392334049138 1277393284 24 12
31122 2858 4.540188914275479 1277386117 29 12
31122 3578 5.003026519345209 1277391729 28 12
32161 1 4.079841110698666 1117045765 0 13
32161 110 3.0003126028526745 1117045753 7 13
32161 260 4.01103379417242 1117045758 9 13
32161 296 4.097417272630283 1117042324 3 13
32161 318 5.04593009763696 1117045751 6 13
32161 356 3.0734470838961827 1117045735 1 13
32161 377 4.0990744298408615 1117045792 17 13
32161 380 3.0004724652389463 1117045760 21 13
32161 457 3.040956246290844 1117045741 20 13
32161 480 3.569481146109517 1117045737 2 13
32161 589 4.042948997399182 1159994107 5 13
32161 592 3.566355053788317 1117045745 18 13
32161 593 5.073673487850963 1179600023 4 13
32161 648 3.560356815929716 1117045796 19 13
32161 780 2.0859333394089354 1159994116 8 13
32161 1036 4.058108575726136 1117045987 16 13
32161 1196 4.080652111051341 1117045812 11 13
32161 1198 4.09658478008326 1117045828 12 13
32161 1210 3.097856650733507 1117045781 10 13
32161 1240 4.537989338323856 1179601342 14 13
32161 1270 3.0963815857488837 1117045834 13 13
32161 1291 3.539026451126041 1244362721 15 13
32161 1580 3.017659297801242 1117045948 22 13
32161 2028 3.067864730312644 1117045878 27 13
32161 2571 4.070287416674578 1117045872 23 13
32161 2628 1.5319511189892 1117315743 25 13
32161 2716 3.595704063625327 1117045999 26 13
32161 2762 3.567887143657916 1117045929 24 13
32161 2858 5.0503266741937685 1179600971 29 13
32161 3578 3.5173670500524854 1117046032 28 13
33349 1 4.092907311447591 1121353096 0 14
33349 110 5.008952545180967 1121353111 7 14
33349 260 4.563065202859022 1121377907 9 14
33349 296 5.017491984029041 1121354671 3 14
33349 318 5.093032751000462 1121353026 6 14
33349 356 4.055876537811516 1121354676 1 14
33349 377 3.5398258558623548 1121354668 17 14
33349 380 4.536052231430531 1121354687 21 14
33349 457 5.0234532953215485 1121377900 20 14
33349 480 4.056701776898696 1121377898 2 14
33349 589 4.516511913451948 1121352309 5 14
33349 592 3.502689386194407 1121295513 18 14
33349 593 4.529475001325537 1121353056 4 14
33349 648 3.5658586932756364 1121377916 19 14
33349 780 3.5513826520342713 1121352312 8 14
33349 1036 5.039295356725543 1121353059 16 14
33349 1196 5.017707932426902 1121354128 11 14
33349 1198 5.021041936895271 1121353013 12 14
33349 1210 3.599583864216157 1121352319 10 14
33349 1240 4.011589480638272 1121377974 14 14
33349 1270 3.533123657648321 1121377931 13 14
33349 1291 4.062928461780591 1121377992 15 14
33349 1580 4.579480617738823 1121354530 22 14
33349 2028 4.549071607794677 1121353135 27 14
33349 2571 4.075931833837318 1121353046 23 14
33349 2628 2.512469979994216 1121354532 25 14
33349 2716 4.5139886387708446 1121354528 26 14
33349 2762 4.042219393855549 1121354535 24 14
33349 2858 4.518224277650833 1121377935 29 14
33349 3578 4.049841204618978 1121354506 28 14
34576 1 4.057714086423649 1163449264 0 15
34576 110 4.043611508239642 1163449251 7 15
34576 260 4.061431861300409 1163449245 9 15
34576 296 4.535727183347292 1163449228 3 15
34576 318 4.042354817315795 1163447111 6 15
34576 356 3.5362220706829777 1163449233 1 15
34576 377 3.046485416647863 1163449287 17 15
34576 380 3.5712760479809758 1163449269 21 15
34576 457 3.56012440804135 1163449242 20 15
34576 480 4.071516796746308 1163449237 2 15
34576 589 4.065676499994588 1163446445 5 15
34576 592 3.522222202967903 1163446483 18 15
34576 593 4.569026924512845 1163444971 4 15
34576 648 3.5448159596382824 1163449296 19 15
34576 780 3.0586260094350664 1163449276 8 15
34576 1036 3.5525299399220414 1163446438 16 15
34576 1196 4.032165792011085 1163447137 11 15
34576 1198 4.032299375563243 1163449319 12 15
34576 1210 4.044132523273101 1163447680 10 15
34576 1240 3.514089768477353 1163446430 14 15
34576 1270 4.06706311876061 1163447533 13 15
34576 1291 4.092265011702669 1163447479 15 15
34576 1580 3.5675804895431464 1163449391 22 15
34576 2028 3.5311751864798877 1163447484 27 15
34576 2571 4.072047822498636 1163444380 23 15
34576 2628 3.5863984913797293 1163449439 25 15
34576 2716 4.048413692893488 1163447561 26 15
34576 2762 4.040115393194268 1163446422 24 15
34576 2858 5.091117575610848 1163449328 29 15
34576 3578 3.5562045977593115 1163449492 28 15
39382 1 3.5440700443809803 1086047845 0 16
39382 110 4.59963599424759 1086047811 7 16
39382 260 5.025492685186585 1086047816 9 16
39382 296 4.531450378626236 1086047772 3 16
39382 318 4.036238610165975 1086047312 6 16
39382 356 4.038407789588705 1236219982 1 16
39382 377 2.5150350207376233 1086047861 17 16
39382 380 2.585303508620162 1086047830 21 16
39382 457 2.030333308626062 1086047801 20 16
39382 480 3.561325139786049 1086047798 2 16
39382 589 2.5193669654291093 1086045291 5 16
39382 592 3.5034141526574665 1086047293 18 16
39382 593 3.550734052890092 1086047781 4 16
39382 648 2.561626161273307 1086047892 19 16
39382 780 2.520100583395714 1086045293 8 16
39382 1036 3.05369889988807 1086048173 16 16
39382 1196 5.081292734380898 967847059 11 16
39382 1198 3.0109888437795047 967847059 12 16
39382 1210 3.5509215488623345 1086045258 10 16
39382 1240 4.087759430551575 1086048112 14 16
39382 1270 2.558522363154385 1086047923 13 16
39382 1291 3.5733736764122703 1086048203 15 16
39382 1580 3.5671186788002665 1086048103 22 16
39382 2028 5.050237266792776 1086047988 27 16
39382 2571 4.524218184746627 1086048070 23 16
39382 2628 2.079723955447315 1086048130 25 16
39382 2716 4.099233139953814 967848250 26 16
39382 2762 5.008147051502916 987884214 24 16
39382 2858 4.508245166273341 1236220055 29 16
39382 3578 5.016022782657844 987883969 28 16
40285 1 2.0301393902746865 1167936877 0 17
40285 110 4.559207268961033 1167936859 7 17
40285 260 1.5522769503067293 1167936857 9 17
40285 296 5.051817239636906 1167936659 3 17
40285 318 5.073498878512877 1167936852 6 17
40285 356 4.022468246033401 1167936842 1 17
40285 377 1.5599752044335096 1167936903 17 17
40285 380 2.067960845409426 1167936872 21 17
40285 457 3.027412790779767 1167936849 20 17
40285 480 2.060904382629155 1167936846 2 17
40285 589 2.530589151270536 1167936868 5 17
40285 592 1.5194289587497063 1167936855 18 17
40285 593 5.083157173462506 1167936844 4 17
40285 648 2.042925461623971 1167936913 19 17
40285 780 3.0650677389857917 1167936882 8 17
40285 1036 2.0965312552844013 1167939626 16 17
40285 1196 1.5029418438755953 1167936911 11 17
40285 1198 3.0367095267176354 1167936922 12 17
40285 1210 1.5213275828755082 1167936891 10 17
40285 1240 3.5458963125734466 1167939592 14 17
40285 1270 2.0228091338173533 1167938043 13 17
40285 1291 2.0628029401286145 1167939625 15 17
40285 1580 2.5297710292776032 1167939585 22 17
40285 2028 4.079538223734065 1167939307 27 17
40285 2571 4.093321922027408 1167936376 23 17
40285 2628 1.010583438282391 1167939606 25 17
40285 2716 2.0220909366707316 1168010403 26 17
40285 2762 3.0034956388088534 1167938039 24 17
40285 2858 4.026775971645124 1167936413 29 17
40285 3578 4.0838390205307125 1167937623 28 17
56720 1 5.031734209357934 1192729759 0 18
56720 110 4.066826913361776 1194463166 7 18
56720 260 5.087471562347424 1192728755 9 18
56720 296 5.088445201838955 1192666207 3 18
56720 318 5.055389836706262 1192728864 6 18
56720 356 4.556176174685324 1191449873 1 18
56720 377 2.566371766114546 1191449940 17 18
56720 380 2.5821163753424745 1192817437 21 18
56720 457 4.524942026937298 1194463126 20 18
56720 480 2.5366373356323924 1198781127 2 18
56720 589 5.077851339707881 1191449949 5 18
56720 592 3.0970757547596204 1194463162 18 18
56720 593 5.0445323196367475 1192666214 4 18
56720 648 4.567336238605162 1192666128 19 18
56720 780 2.52207026965031 1192728761 8 18
56720 1036 5.0469675512696766 1192728809 16 18
56720 1196 5.023222474087906 1191449972 11 18
56720 1198 5.024253512931564 1191449893 12 18
56720 1210 4.517580912451684 1196883746 10 18
56720 1240 4.599140900443591 1192728769 14 18
56720 1270 3.587734548478456 1192666121 13 18
56720 1291 4.044247210112116 1194463084 15 18
56720 1580 3.547783826712042 1194463132 22 18
56720 2028 5.074232967379546 1191449881 27 18
56720 2571 5.068990505850149 1192728458 23 18
56720 2628 3.54065654303996 1192728455 25 18
56720 2716 4.500043901311671 1191449937 26 18
56720 2762 5.02791760052483 1191449914 24 18
56720 2858 5.082118663684638 1191449991 29 18
56720 3578 2.5860339284971765 1198781124 28 18
59477 1 4.586415351327243 1136800269 0 19
59477 110 4.587006679029627 1136800259 7 19
59477 260 4.003895374423955 1136800261 9 19
59477 296 5.034304423824926 1136800231 3 19
59477 318 4.577308562718517 1136814110 6 19
59477 356 4.095605870984655 1136800250 1 19
59477 377 4.099114946757185 1136793962 17 19
59477 380 3.5981907058822475 1136981899 21 19
59477 457 2.572929173383517 1136800246 20 19
59477 480 4.059732868567022 1136800248 2 19
59477 589 5.051961522350493 1136800263 5 19
59477 592 4.5215719172123885 1136800244 18 19
59477 593 3.5261289519556036 1136794106 4 19
59477 648 2.5318344995345923 1136805596 19 19
59477 780 3.500033937600056 1136988271 8 19
59477 1036 4.057652303877128 1136865228 16 19
59477 1196 4.024946584660013 1136806239 11 19
59477 1198 3.0069978955521464 1136808193 12 19
59477 1210 3.5909864859576066 1136801422 10 19
59477 1240 3.096766757218832 1136805530 14 19
59477 1270 4.051137844984837 1136794021 13 19
59477 1291 2.5745745577994925 1136801911 15 19
59477 1580 3.075619887627288 1136801701 22 19
59477 2028 4.065241015170113 1136800593 27 19
59477 2571 3.577700438471766 1136801274 23 19
59477 2628 2.5269290198436254 1136801546 25 19
59477 2716 3.01039439251992 1136801415 26 19
59477 2762 3.0104026184646555 1136793980 24 19
59477 2858 4.0580944206113685 1136804708 29 19
59477 3578 3.5672757602924534 1136804076 28 19
60159 1 5.096621932487247 948256089 0 20
60159 110 3.061941447612093 948169015 7 20
60159 260 5.017713449184591 948170163 9 20
60159 296 3.0764030108418545 962914687 3 20
60159 318 5.002025600617464 948255863 6 20
60159 356 5.0729537745147 948257527 1 20
60159 377 4.004971664354408 948169756 17 20
60159 380 4.585353497698014 1193856550 21 20
60159 457 5.046884058683874 948169583 20 20
60159 480 5.036665514712491 948169583 2 20
60159 589 5.0342219333261795 948170771 5 20
60159 592 4.051660690017316 948593582 18 20
60159 593 4.578973082480436 1179868575 4 20
60159 648 4.074257868842713 962913112 19 20
60159 780 4.006532620168533 948170363 8 20
60159 1036 5.011538456501611 962913736 16 20
60159 1196 5.073078368565246 948170163 11 20
60159 1198 5.091413393135367 948255863 12 20
60159 1210 5.010056927505556 948170163 10 20
60159 1240 3.064925432121794 948170217 14 20
60159 1270 5.018261362258125 948170217 13 20
60159 1291 5.0067390908896385 948256026 15 20
60159 1580 4.081815498482917 1348454305 22 20
60159 2028 4.518138640374949 1179868584 27 20
60159 2571 5.059378199166177 948169583 23 20
60159 2628 5.047284728768897 948169684 25 20
60159 2716 4.093505258897279 962909823 26 20
60159 2762 5.07421647887982 962908816 24 20
60159 2858 3.007366240041434 980564899 29 20
60159 3578 4.096606126526502 980564899 28 20
62984 1 4.028602413770445 1111366097 0 21
62984 110 5.010326917988958 1111366064 7 21
62984 260 5.056412075967503 1110577131 9 21
62984 296 5.073899289080054 1110504346 3 21
62984 318 5.035731342054026 1110505525 6 21
62984 356 4.5789348982769065 1111365994 1 21
62984 377 4.090335402994396 1111366102 17 21
62984 380 2.5333925531854935 1111366085 21 21
62984 457 4.528251662701278 1111366034 20 21
62984 480 4.0076982543667725 1111366016 2 21
62984 589 5.047038884778945 1111366089 5 21
62984 592 4.534190802350122 1111366044 18 21
62984 593 5.013197725182758 1110576829 4 21
62984 648 4.010249922751477 1111366120 19 21
62984 780 3.0615593285782894 1111366093 8 21
62984 1036 4.5742395418910515 1110506017 16 21
62984 1196 5.057827776728623 1110505928 11 21
62984 1198 5.037175293042483 1110505939 12 21
62984 1210 5.072661574652062 1110504636 10 21
62984 1240 4.572826768644606 1110505951 14 21
62984 1270 4.598342093122954 1111366178 13 21
62984 1291 4.504337560151998 1110505988 15 21
62984 1580 3.5456887745509493 1111366391 22 21
62984 2028 5.007871401933246 1111366221 27 21
62984 2571 5.011362214925954 1111366285 23 21
62984 2628 4.012012802015479 1111366415 25 21
62984 2716 5.026690524310224 1111366369 26 21
62984 2762 4.531856568154336 1111366352 24 21
62984 2858 4.028357188056347 1110505503 29 21
62984 3578 4.582067260761064 1111366429 28 21
66533 1 3.0792466270561523 1292039756 0 22
66533 110 4.017243224378333 1292039743 7 22
66533 260 5.062158014127926 1292039741 9 22
66533 296 4.5756559935881835 1291967539 3 22
66533 318 4.565117892283209 1292039737 6 22
66533 356 4.092255278825147 1291967816 1 22
66533 377 2.0946308340583024 1292039800 17 22
66533 380 3.0338578356327126 1292039780 21 22
66533 457 3.0020918889034 1292039746 20 22
66533 480 3.532380804157837 1292039736 2 22
66533 589 2.578108334470754 1292039754 5 22
66533 592 3.0703605787543675 1292039752 18 22
66533 593 4.548272641579352 1292039733 4 22
66533 648 4.5088250483366314 1292039813 19 22
66533 780 3.048349823779514 1292039759 8 22
66533 1036 2.538473670830564 1292039921 16 22
66533 1196 5.041541198692393 1292039795 11 22
66533 1198 5.066851361717542 1292039806 12 22
66533 1210 5.075587844536386 1292039767 10 22
66533 1240 3.086417073465254 1292039874 14 22
66533 1270 5.06179220399555 1292039809 13 22
66533 1291 2.505995564514913 1292039913 15 22
66533 1580 3.533886398893705 1292039854 22 22
66533 2028 3.591113557210173 1292039647 27 22
66533 2571 5.040265526279974 1292039570 23 22
66533 2628 2.0576613273892246 1292039882 25 22
66533 2716 4.562144288923041 1292039930 26 22
66533 2762 3.0908226546452293 1292039838 24 22
66533 2858 5.088258159115011 1292039797 29 22
66533 3578 4.00373432696388 1292033391 28 22
69793 1 3.520879824838132 1169501403 0 23
69793 110 4.591396184327214 1169501350 7 23
69793 260 4.572654485401061 1169501621 9 23
69793 296 5.072147249093477 1169501253 3 23
69793 318 4.518061194227909 1169501355 6 23
69793 356 4.5123794530995 1169501784 1 23
69793 377 3.545380613598239 1169501590 17 23
69793 380 3.084855913585129 1169501250 21 23
69793 457 4.022718669029123 1169501579 20 23
69793 480 4.5025702515505 1169502345 2 23
69793 589 4.511530510711347 1169501722 5 23
69793 592 4.033686904634915 1169501297 18 23
69793 593 4.07256512805158 1169501313 4 23
69793 648 3.5423560822313886 1169501658 19 23
69793 780 4.016021601502217 1169502004 8 23
69793 1036 3.5054423822776535 1169501746 16 23
69793 1196 5.096202516559192 1169501608 11 23
69793 1198 5.034016593279107 1169501379 12 23
69793 1210 4.0251505357471755 1169501947 10 23
69793 1240 4.018844415978174 1169501436 14 23
69793 1270 4.09468554380505 1169501224 13 23
69793 1291 4.054961703244999 1169502178 15 23
69793 1580 3.5924131807867874 1169501377 22 23
69793 2028 4.5235223814386 1169501566 27 23
69793 2571 5.007030092721528 1169501291 23 23
69793 2628 3.591764273996959 1169501265 25 23
69793 2716 3.5499583090523323 1169501550 26 23
69793 2762 4.553471734860431 1169501320 24 23
69793 2858 4.061173748902841 1169501560 29 23
69793 3578 4.021609926924363 1169501268 28 23
71975 1 4.510516586832155 1175649502 0 24
71975 110 3.58882497859124 1175652933 7 24
71975 260 4.507877835238721 1175649404 9 24
71975 296 4.5434772635161345 1175652826 3 24
71975 318 4.045372381307789 1175649384 6 24
71975 356 4.540892428249614 1175649361 1 24
71975 377 4.038031143462035 1175649349 17 24
71975 380 4.039527838952558 1175649346 21 24
71975 457 3.5589732454497023 1175649326 20 24
71975 480 4.580420122305126 1175652703 2 24
71975 589 5.078983828198878 1175649263 5 24
71975 592 4.019181691782825 1175649261 18 24
71975 593 5.037271958039751 1175652633 4 24
71975 648 4.069834956439493 1175649238 19 24
71975 780 4.010838203353278 1175652564 8 24
71975 1036 4.0172413291744595 1175652436 16 24
71975 1196 5.059142653076901 1175649100 11 24
71975 1198 4.515125348042898 1175649098 12 24
71975 1210 5.045441106886181 1175652327 10 24
71975 1240 5.021277063506582 1175649071 14 24
71975 1270 4.002511380052739 1175652276 13 24
71975 1291 4.032339894685723 1175652255 15 24
71975 1580 4.07558957195341 1175648921 22 24
71975 2028 4.5729701403657534 1175651934 27 24
71975 2571 4.574250083279048 1175648504 23 24
71975 2628 4.588673025832886 1175648487 25 24
71975 2716 4.593070878503707 1175648445 26 24
71975 2762 5.0325528925520295 1175648428 24 24
71975 2858 5.010041567080433 1175651484 29 24
71975 3578 4.032897937755684 1175648113 28 24
72517 1 2.080374459441794 1169210650 0 25
72517 110 3.0893515292567737 1169209364 7 25
72517 260 2.587386223794386 1169208754 9 25
72517 296 5.075988255915758 1169208970 3 25
72517 318 5.00861078038685 1169208953 6 25
72517 356 3.5992349861381694 1169208735 1 25
72517 377 3.5188219456056955 1169209389 17 25
72517 380 2.551238446691211 1169210648 21 25
72517 457 3.090423184321189 1169208833 20 25
72517 480 2.0317164101834337 1169208725 2 25
72517 589 4.040287302487792 1169208836 5 25
72517 592 4.564448368341138 1169209024 18 25
72517 593 3.5943313772992056 1169210642 4 25
72517 648 4.056525271103099 1169210032 19 25
72517 780 2.058520763696819 1169208946 8 25
72517 1036 5.006170828376714 1169209495 16 25
72517 1196 4.093009732940781 1169208911 11 25
72517 1198 3.0708288302898663 1169208848 12 25
72517 1210 3.513508915994141 1169209178 10 25
72517 1240 4.085281228035674 1169209132 14 25
72517 1270 3.5113960596686185 1169208820 13 25
72517 1291 2.563429027283279 1169209397 15 25
72517 1580 1.0445005742854212 1169209360 22 25
72517 2028 3.597475163465762 1169209476 27 25
72517 2571 4.049124771384731 1169208881 23 25
72517 2628 0.547819821080942 1169208958 25 25
72517 2716 3.0253199176852155 1169208855 26 25
72517 2762 4.003937569493355 1169209002 24 25
72517 2858 4.536815867497789 1169208887 29 25
72517 3578 3.5473553627393923 1169781699 28 25
74142 1 5.0472380501536644 955118621 0 26
74142 110 3.0994757068692596 1353089361 7 26
74142 260 5.080719766883735 955113720 9 26
74142 296 5.044932461999093 955117911 3 26
74142 318 5.01808707634162 955259343 6 26
74142 356 2.0990417767587997 1080388012 1 26
74142 377 0.5399283871562746 1076137059 17 26
74142 380 3.0587971041551896 1361503232 21 26
74142 457 1.0078510587266607 1353089368 20 26
74142 480 2.507193714519291 1141929588 2 26
74142 589 3.083213182624159 1141929600 5 26
74142 592 4.069715192133955 1318622250 18 26
74142 593 2.0874319251923925 955118006 4 26
74142 648 3.0265837936569664 1218638450 19 26
74142 780 3.0651846871060653 1218638429 8 26
74142 1036 5.089714322148171 1020046470 16 26
74142 1196 5.01039026564846 955113196 11 26
74142 1198 5.0121060285670405 955117774 12 26
74142 1210 3.062555023065422 1156000817 10 26
74142 1240 1.06157664921833 1080388137 14 26
74142 1270 5.0142029607843055 955113211 13 26
74142 1291 5.090664353277199 955117829 15 26
74142 1580 4.079995281946909 1215183511 22 26
74142 2028 2.006276213143257 1136228894 27 26
74142 2571 5.007786351981693 955117829 23 26
74142 2628 3.015306962368625 1141929700 25 26
74142 2716 5.077235829007366 996806818 26 26
74142 2762 3.0257461067312774 1225000235 24 26
74142 2858 3.0385672882404675 1361503244 29 26
74142 3578 2.0025782682853737 996806819 28 26
76437 1 4.076290349670869 1220925276 0 27
76437 110 5.089914732908271 1220925271 7 27
76437 260 3.013963619309679 1220925281 9 27
76437 296 4.006288356805086 1221160080 3 27
76437 318 5.017379598959357 1220925273 6 27
76437 356 4.531717772551492 1221160073 1 27
76437 377 3.0675054203562224 1220925281 17 27
76437 380 3.0822944448837695 1220925280 21 27
76437 457 3.568779181568387 1220925278 20 27
76437 480 4.061167994695936 1221154117 2 27
76437 589 3.517378071251137 1221160657 5 27
76437 592 4.022423765191536 1221160083 18 27
76437 593 4.082364473032361 1221160080 4 27
76437 648 2.085004944418101 1221160749 19 27
76437 780 4.013663343173169 1221160679 8 27
76437 1036 3.0281031838397223 1221160095 16 27
76437 1196 3.507343063868902 1220925279 11 27
76437 1198 4.054516635067077 1220925276 12 27
76437 1210 1.5720291656421777 1221160814 10 27
76437 1240 3.556803920313542 1221154145 14 27
76437 1270 3.091290364461822 1220925279 13 27
76437 1291 4.074224422857793 1220925275 15 27
76437 1580 3.550671800941599 1221154139 22 27
76437 2028 4.075717946342385 1220925276 27 27
76437 2571 5.088863668381105 1220925272 23 27
76437 2628 3.5505899486779122 1221154150 25 27
76437 2716 4.048377397313813 1220925275 26 27
76437 2762 2.505057552737274 1220925281 24 27
76437 2858 3.591381595796326 1220925277 29 27
76437 3578 3.5285173740801037 1220925278 28 27
76630 1 5.011481798407389 1337396968 0 28
76630 110 4.034021021089007 1337396267 7 28
76630 260 4.028547907735874 1337397257 9 28
76630 296 4.032938363779946 1337397361 3 28
76630 318 5.062022111922937 1337376914 6 28
76630 356 3.5293534932109845 1337396288 1 28
76630 377 3.5640728170324025 1337439782 17 28
76630 380 4.054012009854442 1337403176 21 28
76630 457 4.508160785964922 1337396261 20 28
76630 480 4.533527203557479 1337397123 2 28
76630 589 4.033328931549706 1337396581 5 28
76630 592 4.098151285498717 1337397629 18 28
76630 593 4.535286653269858 1337397247 4 28
76630 648 3.5104211037993664 1337439788 19 28
76630 780 3.070465093551026 1337439775 8 28
76630 1036 3.548857311006816 1337397521 16 28
76630 1196 5.070261433996757 1337397505 11 28
76630 1198 4.018684806450201 1337397512 12 28
76630 1210 4.022341083025817 1337397609 10 28
76630 1240 4.50896029031991 1337396980 14 28
76630 1270 3.5037053961922635 1337397518 13 28
76630 1291 4.52284795211834 1337397549 15 28
76630 1580 4.06478695460102 1337397213 22 28
76630 2028 4.082661787790446 1337397431 27 28
76630 2571 4.567446054770113 1337397733 23 28
76630 2628 2.015970746297565 1337397595 25 28
76630 2716 4.043677497846678 1337396850 26 28
76630 2762 4.023090059624364 1337397749 24 28
76630 2858 4.013330182579732 1337398866 29 28
76630 3578 4.03352734087864 1337398974 28 28
77159 1 4.029733489309479 1192472593 0 29
77159 110 4.571431378632082 1192541877 7 29
77159 260 4.044486503785393 1192472582 9 29
77159 296 4.047898439397079 1192472568 3 29
77159 318 4.045314110247628 1192472578 6 29
77159 356 4.022584134042168 1192472570 1 29
77159 377 1.5225046157163336 1192472623 17 29
77159 380 4.551049743087433 1192542738 21 29
77159 457 4.023356135561409 1192472228 20 29
77159 480 3.0827836172458913 1192472575 2 29
77159 589 2.5016281895427084 1192472423 5 29
77159 592 4.075376403620189 1192472588 18 29
77159 593 4.022799476209242 1192472572 4 29
77159 648 3.0046559691273456 1192472641 19 29
77159 780 3.5592013081457248 1192472600 8 29
77159 1036 4.035614643749737 1192472852 16 29
77159 1196 4.054256273825732 1192472630 11 29
77159 1198 3.5766402189271966 1192472645 12 29
77159 1210 3.5019762168066677 1192472315 10 29
77159 1240 3.004746946344653 1192472766 14 29
77159 1270 3.08865182797176 1192472081 13 29
77159 1291 4.048678922167798 1192471799 15 29
77159 1580 4.550193409760907 1192542721 22 29
77159 2028 4.007577516954724 1192472691 27 29
77159 2571 5.000035867370682 1192542856 23 29
77159 2628 3.06914255862014 1192472790 25 29
77159 2716 5.056067427165589 1192542838 26 29
77159 2762 4.011002489594555 1192472716 24 29
77159 2858 4.046669715933661 1192472661 29 29
77159 3578 4.568148599584636 1192472373 28 29
79159 1 4.52625332298072 1148833449 0 30
79159 110 4.03636560160251 1111459266 7 30
79159 260 5.065352701211036 1111459273 9 30
79159 296 4.597208709082601 1111458990 3 30
79159 318 4.5668962811942615 1111459228 6 30
79159 356 4.0012658911202355 1111459053 1 30
79159 377 4.532676710846965 1111463129 17 30
79159 380 3.5126028517001364 1111459296 21 30
79159 457 4.5966732651836075 1111459119 20 30
79159 480 4.043157091810127 1111459088 2 30
79159 589 4.510342274808886 1111459323 5 30
79159 592 4.562917763742424 1111459123 18 30
79159 593 4.553107443470045 1111459019 4 30
79159 648 4.5449822354679945 1162512562 19 30
79159 780 4.078899372549354 1111459350 8 30
79159 1036 4.536581337127656 1111611393 16 30
79159 1196 5.025585287571353 1111463037 11 30
79159 1198 5.064741610281688 1111460331 12 30
79159 1210 4.559634690856101 1111462984 10 30
79159 1240 4.529842925710954 1139608100 14 30
79159 1270 4.0784971747478584 1111526635 13 30
79159 1291 4.516532903129875 1111542167 15 30
79159 1580 4.055411618122301 1111610879 22 30
79159 2028 4.550375531449271 1111526998 27 30
79159 2571 5.099584435809008 1111462880 23 30
79159 2628 2.528684073223952 1181938659 25 30
79159 2716 4.561520233852243 1111460018 26 30
79159 2762 4.556457688364901 1111461820 24 30
79159 2858 4.540753267123918 1111460113 29 30
79159 3578 4.071275508977531 1111518595 28 30
87718 1 5.04632960652095 1351469142 0 31
87718 110 3.5774886921217184 1351469130 7 31
87718 260 5.09045433696423 1351468125 9 31
87718 296 4.583528485556628 1351467831 3 31
87718 318 3.586047650670804 1351469239 6 31
87718 356 2.058943132501423 1351469103 1 31
87718 377 2.5994887223879792 1351637103 17 31
87718 380 3.024556515480156 1351469690 21 31
87718 457 2.5929804786588826 1351637073 20 31
87718 480 4.016529311513688 1351468437 2 31
87718 589 4.508157805606103 1351468448 5 31
87718 592 3.5002556619085383 1351471603 18 31
87718 593 4.079299562353249 1351468175 4 31
87718 648 2.081090333540457 1351637106 19 31
87718 780 3.0450758834184875 1351637079 8 31
87718 1036 3.5862044271417277 1351468139 16 31
87718 1196 4.002262338715809 1351469712 11 31
87718 1198 5.095352957991731 1351469204 12 31
87718 1210 3.591222501005699 1351469022 10 31
87718 1240 3.056901787984409 1351467923 14 31
87718 1270 3.5344300416957113 1351469168 13 31
87718 1291 5.015393382279595 1351468159 15 31
87718 1580 3.0422540374740716 1351470043 22 31
87718 2028 2.592588869560019 1351469331 27 31
87718 2571 5.078940901263091 1351467914 23 31
87718 2628 2.536815407741446 1351637166 25 31
87718 2716 3.547420597237338 1351469813 26 31
87718 2762 2.506097249040022 1351469188 24 31
87718 2858 3.0092467972582377 1351468154 29 31
87718 3578 4.519257510587941 1351469094 28 31
88604 1 4.541831170200413 1426443917 0 32
88604 110 3.533964835553043 1426443867 7 32
88604 260 4.546366338453319 1426443843 9 32
88604 296 4.528402621054813 1426443635 3 32
88604 318 4.033501311646756 1426443795 6 32
88604 356 3.5181555146359114 1426443746 1 32
88604 377 4.007541754630792 1426523901 17 32
88604 380 3.551952776947467 1426444402 21 32
88604 457 4.016971199034588 1426444007 20 32
88604 480 4.577847079339419 1426443822 2 32
88604 589 4.565435255994553 1426443938 5 32
88604 592 3.5158093983984195 1426444276 18 32
88604 593 4.522250575774523 1426443769 4 32
88604 648 3.05334009797049 1426523992 19 32
88604 780 3.534221387145314 1426444252 8 32
88604 1036 4.595672808271797 1426935186 16 32
88604 1196 4.596350894862087 1426444425 11 32
88604 1198 4.556064614763394 1426444530 12 32
88604 1210 3.517477973133876 1426524150 10 32
88604 1240 4.588411856365425 1426934860 14 32
88604 1270 4.573378906394175 1426523829 13 32
88604 1291 4.550481027640669 1426935089 15 32
88604 1580 4.098701964367902 1426524303 22 32
88604 2028 4.575098641665187 1426524040 27 32
88604 2571 4.091523467644088 1426444193 23 32
88604 2628 3.0865254458406746 1426935061 25 32
88604 2716 4.090017391415866 1426935241 26 32
88604 2762 4.007024310688494 1426524015 24 32
88604 2858 4.075426040133072 1426444454 29 32
88604 3578 3.575950904425981 1426934879 28 32
92269 1 5.086737379230055 1283885374 0 33
92269 110 4.534597928783837 1283885315 7 33
92269 260 4.547721522086076 1283885400 9 33
92269 296 4.013784000085982 1283885509 3 33
92269 318 4.500715913138997 1283885461 6 33
92269 356 4.080311621835093 1283885455 1 33
92269 377 3.5603934208822543 1283885442 17 33
92269 380 3.549172355968661 1283885494 21 33
92269 457 4.02044665477916 1283885362 20 33
92269 480 3.5535218756794213 1283885298 2 33
92269 589 4.56262452836939 1283885359 5 33
92269 592 4.0830548253865375 1283885283 18 33
92269 593 4.043489524442871 1283885435 4 33
92269 648 3.0937211886247478 1283885388 19 33
92269 780 2.512397232811755 1283885325 8 33
92269 1036 5.012746521325194 1283885655 16 33
92269 1196 5.056853468555579 1283885418 11 33
92269 1198 5.073261465040193 1283901270 12 33
92269 1210 3.581102170678563 1283885307 10 33
92269 1240 4.0768783253495275 1283885559 14 33
92269 1270 4.560023117159856 1283885366 13 33
92269 1291 3.0372464999956086 1283885618 15 33
92269 1580 3.5832290991660125 1283885760 22 33
92269 2028 2.035910486850836 1283885285 27 33
92269 2571 5.087753268449644 1283885463 23 33
92269 2628 2.0687762315940783 1283885469 25 33
92269 2716 4.527280765066866 1283885397 26 33
92269 2762 4.036243158637946 1283885352 24 33
92269 2858 4.570509797702927 1283885317 29 33
92269 3578 3.0065914402760514 1283885477 28 33
92616 1 3.500212868057037 1308946565 0 34
92616 110 3.5747485201797606 1308610342 7 34
92616 260 4.520449541696659 1301671044 9 34
92616 296 4.09568742458935 1308944331 3 34
92616 318 5.011383193558418 1301628964 6 34
92616 356 4.513603596294414 1308613143 1 34
92616 377 4.083831187928013 1358274422 17 34
92616 380 4.088561943159176 1358344790 21 34
92616 457 4.031908691491336 1358344761 20 34
92616 480 5.049528607316915 1301602770 2 34
92616 589 4.015243629388584 1308522414 5 34
92616 592 3.0929304166461065 1309379814 18 34
92616 593 4.053471547366088 1308944047 4 34
92616 648 3.0055649806725633 1308946597 19 34
92616 780 4.008933898384009 1308944359 8 34
92616 1036 4.080019564613124 1301602366 16 34
92616 1196 4.57297779677659 1301671059 11 34
92616 1198 4.578342063870693 1301602706 12 34
92616 1210 4.58119934958881 1301671054 10 34
92616 1240 4.080985232932117 1309043227 14 34
92616 1270 4.006265442062525 1308522776 13 34
92616 1291 4.599390436389148 1301602700 15 34
92616 1580 4.0928173730140545 1301603014 22 34
92616 2028 4.094565790754976 1358280527 27 34
92616 2571 4.554229317238867 1314736821 23 34
92616 2628 4.525999330389909 1301671039 25 34
92616 2716 4.032463242174839 1358365324 26 34
92616 2762 5.075971552597393 1358351156 24 34
92616 2858 4.516229956204118 1304195785 29 34
92616 3578 4.526241348356385 1301602557 28 34
92956 1 5.010880162142507 1105585005 0 35
92956 110 4.576526690030896 1105584986 7 35
92956 260 4.572709058178552 1105584993 9 35
92956 296 5.07970869173462 1105584969 3 35
92956 318 5.047791436978213 1105584988 6 35
92956 356 4.593663366368629 1105584973 1 35
92956 377 4.07811869503162 1105585022 17 35
92956 380 3.0859783308478757 1105584996 21 35
92956 457 4.06101610756121 1105584977 20 35
92956 480 4.5209056250857715 1105584975 2 35
92956 589 4.046691826646225 1105585001 5 35
92956 592 3.084939146902887 1105584981 18 35
92956 593 5.040256216592778 1105584972 4 35
92956 648 3.5939030503299447 1105585036 19 35
92956 780 2.55668800168747 1105585003 8 35
92956 1036 5.008240743185432 1105585234 16 35
92956 1196 5.086506987285197 1105585054 11 35
92956 1198 5.050670142414548 1105585068 12 35
92956 1210 4.076655512189787 1105585010 10 35
92956 1240 5.03762667962195 1105585204 14 35
92956 1270 5.010589773980871 1105585071 13 35
92956 1291 4.584666456973612 1105585239 15 35
92956 1580 3.090258495326033 1105585198 22 35
92956 2028 4.523562769513322 1105585115 27 35
92956 2571 5.0306478501030725 1105585122 23 35
92956 2628 4.049901084147849 1105585217 25 35
92956 2716 4.5033252244909 1105585254 26 35
92956 2762 4.528447855679244 1105585203 24 35
92956 2858 4.597968194900473 1105585078 29 35
92956 3578 4.526451281904736 1105585301 28 35
93359 1 3.0091934777999936 1121993760 0 36
93359 110 4.016244037267138 1121993752 7 36
93359 260 3.526837528751204 1121992439 9 36
93359 296 5.044687396312051 1121999775 3 36
93359 318 4.537737600071952 1121999784 6 36
93359 356 4.065519723108047 1121999764 1 36
93359 377 3.0351914556150774 1121993785 17 36
93359 380 3.0283094108303175 1121993188 21 36
93359 457 3.586555929629723 1121992360 20 36
93359 480 3.01729315190195 1121992363 2 36
93359 589 4.018041164808968 1121993757 5 36
93359 592 3.596830107519806 1121993742 18 36
93359 593 4.093348031105233 1121993731 4 36
93359 648 3.538807910746663 1121993790 19 36
93359 780 2.090560705037041 1121993763 8 36
93359 1036 4.072905023067827 1121994070 16 36
93359 1196 5.092873346425029 1121999889 11 36
93359 1198 5.012935210055973 1121999885 12 36
93359 1210 4.017439575946479 1138187352 10 36
93359 1240 3.537227941306385 1121994034 14 36
93359 1270 3.0337183126152922 1121993889 13 36
93359 1291 5.009365025616666 1121999909 15 36
93359 1580 4.071193076749654 1121994022 22 36
93359 2028 3.5514138803391893 1121993940 27 36
93359 2571 5.061887710584206 1121999961 23 36
93359 2628 3.0647311919340914 1121993061 25 36
93359 2716 3.0557065384884132 1121994196 26 36
93359 2762 3.5765318676006674 1121993045 24 36
93359 2858 5.067819020067288 1121999995 29 36
93359 3578 4.065510144019256 1121993019 28 36
94541 1 2.05427030821919 1156159912 0 37
94541 110 3.032487909699355 1121533165 7 37
94541 260 3.564932657709015 1193052996 9 37
94541 296 4.530449688117465 1156159860 3 37
94541 318 4.532262042295555 1133556324 6 37
94541 356 2.5621383984441 1083592188 1 37
94541 377 1.5363993754839684 1156159925 17 37
94541 380 2.5037944320992978 1156159908 21 37
94541 457 2.5433844313129885 1121533146 20 37
94541 480 3.0191199138701377 1121533141 2 37
94541 589 3.5334978300805724 1111326361 5 37
94541 592 3.0325538350123895 1119911290 18 37
94541 593 4.032266072503638 1083592199 4 37
94541 648 3.057839358260087 1121533184 19 37
94541 780 2.000501367808784 1119911903 8 37
94541 1036 2.5030953937711002 1119912438 16 37
94541 1196 3.079668070651002 1196161704 11 37
94541 1198 3.540092106241452 1111325201 12 37
94541 1210 3.0909486185606956 1196161702 10 37
94541 1240 3.0250399071241927 1111326054 14 37
94541 1270 3.0032670071864627 1120687425 13 37
94541 1291 2.523692532334467 1120688095 15 37
94541 1580 2.5290518655896843 1083592215 22 37
94541 2028 3.034845873305007 1111326211 27 37
94541 2571 0.5127650997830757 1083677858 23 37
94541 2628 2.579073857024676 1121533339 25 37
94541 2716 3.0127956830328624 1083592218 26 37
94541 2762 3.5898832133296734 1083677878 24 37
94541 2858 5.043438790164123 1155624805 29 37
94541 3578 3.5283406300494806 1083592156 28 37
96859 1 3.5126925052808757 1108544446 0 38
96859 110 3.554233837183949 1108544418 7 38
96859 260 3.017588776827981 1108544422 9 38
96859 296 4.004449452934258 1108544362 3 38
96859 318 3.595325388419476 1108544429 6 38
96859 356 3.577870224056671 1108544376 1 38
96859 377 2.548094025352403 1108544474 17 38
96859 380 3.5806267405595174 1108544437 21 38
96859 457 3.5198584655903162 1108544389 20 38
96859 480 3.0201264120543674 1108544380 2 38
96859 589 4.037830884941726 1108544440 5 38
96859 592 3.096018462960885 1108544392 18 38
96859 593 3.581085575661438 1108544365 4 38
96859 648 3.018316450498464 1108544760 19 38
96859 780 3.02256435084861 1108544443 8 38
96859 1036 4.035442198134188 1108545714 16 38
96859 1196 3.0987966454997373 1108544493 11 38
96859 1198 4.559298259952953 1108544790 12 38
96859 1210 3.0603600482113613 1108544455 10 38
96859 1240 4.017668817429543 1108545883 14 38
96859 1270 3.506173660304526 1108544803 13 38
96859 1291 3.5562938997449365 1108546290 15 38
96859 1580 3.048819628930914 1108545637 22 38
96859 2028 4.064410320547384 1108545018 27 38
96859 2571 2.5281428521439704 1108545549 23 38
96859 2628 1.5689249152528069 1108546264 25 38
96859 2716 4.589394062183985 1108546417 26 38
96859 2762 3.530298696309196 1108546228 24 38
96859 2858 4.069739223433363 1108545502 29 38
96859 3578 3.5459007231176667 1108546535 28 38
103223 1 4.073823386564211 1020280041 0 39
103223 110 4.011300252285813 1020283307 7 39
103223 260 3.0879849925046217 1020175694 9 39
103223 296 5.062141705744117 1020277516 3 39
103223 318 5.01063204724019 1020282617 6 39
103223 356 5.0725913241065355 1026616390 1 39
103223 377 5.084534387177313 1026097661 17 39
103223 380 3.0128123338068518 1026621238 21 39
103223 457 5.092200076839495 1020283337 20 39
103223 480 4.015897115076067 1026616390 2 39
103223 589 3.0842811243726307 1020282909 5 39
103223 592 4.034924169836691 1027827695 18 39
103223 593 5.019614016196797 1020277591 4 39
103223 648 4.029226526861641 1026621471 19 39
103223 780 3.004467518002871 1029035135 8 39
103223 1036 5.027764270999013 1020821040 16 39
103223 1196 4.005140100739464 1020820437 11 39
103223 1198 5.012360792695035 1020722551 12 39
103223 1210 2.0997065852995482 1020175806 10 39
103223 1240 5.067045863519105 1020820842 14 39
103223 1270 5.008167135220263 1026097589 13 39
103223 1291 4.017215324547308 1026097505 15 39
103223 1580 5.04561307786691 1026615945 22 39
103223 2028 5.065946845305491 1020722381 27 39
103223 2571 5.053817363123761 1026615138 23 39
103223 2628 2.0336503310871783 1029034458 25 39
103223 2716 5.058557852301456 1026097569 26 39
103223 2762 5.086356542819055 1020188736 24 39
103223 2858 5.083933160334713 1020277591 29 39
103223 3578 5.088769391348134 1026616733 28 39
103654 1 5.027844702187809 1149087397 0 40
103654 110 4.050051183739572 1149087150 7 40
103654 260 5.024444536297823 1149087386 9 40
103654 296 5.024738355551596 1149087361 3 40
103654 318 5.0824715877079525 1149087373 6 40
103654 356 4.507872205485174 1149085223 1 40
103654 377 3.558387764247396 1149087415 17 40
103654 380 4.025098721815448 1149087394 21 40
103654 457 3.5149288523711495 1149087368 20 40
103654 480 4.010543080604215 1149087365 2 40
103654 589 4.08650231494553 1149087390 5 40
103654 592 3.5428670744358275 1149087376 18 40
103654 593 4.58243044489092 1149087169 4 40
103654 648 3.592003537249646 1149087419 19 40
103654 780 3.555463565592792 1149087399 8 40
103654 1036 5.0869822227218595 1149087627 16 40
103654 1196 5.0409852426778885 1149087427 11 40
103654 1198 5.024866020219964 1149087456 12 40
103654 1210 5.012107098313311 1149087406 10 40
103654 1240 3.5979602515065574 1149087576 14 40
103654 1270 4.0398093587794595 1149087464 13 40
103654 1291 5.032705454880723 1149087625 15 40
103654 1580 3.536298544515044 1149087555 22 40
103654 2028 5.081569100801471 1149086866 27 40
103654 2571 5.023113556088712 1149087474 23 40
103654 2628 3.009278678308535 1149087605 25 40
103654 2716 4.063844444287539 1149087645 26 40
103654 2762 4.58745847620881 1149087532 24 40
103654 2858 4.514671760863458 1149087180 29 40
103654 3578 3.515338260261539 1149087148 28 40
108195 1 4.090827332473999 1095755257 0 41
108195 110 4.578568925992254 1095772588 7 41
108195 260 5.081413145929743 1115816796 9 41
108195 296 4.551140305943216 1095755214 3 41
108195 318 5.000578093916623 1095755239 6 41
108195 356 3.5210949903035385 1095772755 1 41
108195 377 3.533478526827973 1095755285 17 41
108195 380 4.057506696291126 1095755248 21 41
108195 457 3.5686494558619577 1095755221 20 41
108195 480 3.0489239561216097 1095755217 2 41
108195 589 4.547647711211673 1095755251 5 41
108195 592 3.563155051209478 1095755225 18 41
108195 593 4.056805457557238 1095755208 4 41
108195 648 3.5703738655251884 1095754235 19 41
108195 780 2.0613876492594057 1095774536 8 41
108195 1036 4.571596368655879 1095755729 16 41
108195 1196 4.002609707275262 1095755322 11 41
108195 1198 4.53108005004411 1095755342 12 41
108195 1210 4.550281302562526 1095754008 10 41
108195 1240 4.002846763347532 1095755692 14 41
108195 1270 4.079780313513023 1095772644 13 41
108195 1291 4.04987400682293 1095755744 15 41
108195 1580 4.004818920101488 1095755672 22 41
108195 2028 3.024532877926001 1095753995 27 41
108195 2571 5.023113081441107 1095758598 23 41
108195 2628 3.587610277943083 1095755702 25 41
108195 2716 3.5368899641842155 1095773311 26 41
108195 2762 3.536406315065881 1095773339 24 41
108195 2858 3.5120226853746237 1095773787 29 41
108195 3578 3.548729515114054 1095773400 28 41
113209 1 3.570125047077082 1105006714 0 42
113209 110 4.544134727799413 1079603238 7 42
113209 260 5.075147393981585 1175869388 9 42
113209 296 4.509494861540394 1079612533 3 42
113209 318 4.540609221127311 1176116525 6 42
113209 356 4.569753655945465 1079607726 1 42
113209 377 4.077058350355469 1079603432 17 42
113209 380 3.5523579000360677 1079612557 21 42
113209 457 3.575969693307129 1079603343 20 42
113209 480 4.007494280073942 1079603423 2 42
113209 589 4.59118602393813 1079603211 5 42
113209 592 4.065231960502158 1079603232 18 42
113209 593 4.072175920258677 1079612530 4 42
113209 648 4.005364763799013 1079603592 19 42
113209 780 4.07596133503611 1079603726 8 42
113209 1036 4.008461899399911 1079603222 16 42
113209 1196 5.022101473777022 1079602882 11 42
113209 1198 4.5756070645321785 1079602878 12 42
113209 1210 5.058759285567915 1176117155 10 42
113209 1240 4.507550820799845 1079602858 14 42
113209 1270 3.5340224174485444 1079608386 13 42
113209 1291 4.04105509490713 1079603254 15 42
113209 1580 3.534390245388201 1079603348 22 42
113209 2028 4.560420390148048 1079686985 27 42
113209 2571 5.075326395117286 1079603222 23 42
113209 2628 3.570335991041123 1176108481 25 42
113209 2716 3.558121777030542 1079608328 26 42
113209 2762 3.0939261242058995 1079612402 24 42
113209 2858 4.0474217559960275 1176109577 29 42
113209 3578 4.508528562145993 1079603245 28 42
113632 1 3.0575325117627665 1288397159 0 43
113632 110 3.007645859921778 1288397204 7 43
113632 260 4.012971372697104 1288397270 9 43
113632 296 3.5302688832772997 1288397123 3 43
113632 318 3.5292326916015093 1288397066 6 43
113632 356 2.5393793470194037 1288397313 1 43
113632 377 3.079560199356363 1288397262 17 43
113632 380 3.0873586481468744 1288397395 21 43
113632 457 3.0914551635856635 1288397185 20 43
113632 480 2.533772484271495 1288397059 2 43
113632 589 4.535205448354734 1288397069 5 43
113632 592 3.504880136224055 1288397455 18 43
113632 593 4.081894387965989 1288397099 4 43
113632 648 2.079800094070643 1288397255 19 43
113632 780 1.0458210565290287 1288397387 8 43
113632 1036 4.007844115115308 1289066897 16 43
113632 1196 4.018091657668529 1288397133 11 43
113632 1198 3.568424111915487 1288397286 12 43
113632 1210 3.50321009597141 1288397095 10 43
113632 1240 4.056162559945021 1288397468 14 43
113632 1270 3.0233974255938794 1288397207 13 43
113632 1291 2.555890603113282 1288397583 15 43
113632 1580 2.031376956682181 1288397217 22 43
113632 2028 1.5781274673660273 1288397225 27 43
113632 2571 3.5848174319504587 1288397187 23 43
113632 2628 1.0381192805716286 1288397243 25 43
113632 2716 3.50496061312342 1288397408 26 43
113632 2762 3.016383404940669 1288397182 24 43
113632 2858 3.0838113973607877 1288397063 29 43
113632 3578 2.566770818676081 1288397145 28 43
113991 1 3.5445150872210816 1064563578 0 44
113991 110 5.006934500098063 1064559946 7 44
113991 260 5.0906175101514295 1064559939 9 44
113991 296 4.521218343722516 1064593364 3 44
113991 318 5.014007168525402 1356480909 6 44
113991 356 5.075099972165277 1356480904 1 44
113991 377 3.095234778032217 1064593523 17 44
113991 380 4.58962014279704 1064561358 21 44
113991 457 4.555247103582367 1064593667 20 44
113991 480 3.0500782380556566 1064561953 2 44
113991 589 5.059820743137699 1356480917 5 44
113991 592 4.542048935449133 1064559763 18 44
113991 593 4.048079624327263 1064559969 4 44
113991 648 3.0550969216013457 1064561328 19 44
113991 780 2.018497712994621 1064560458 8 44
113991 1036 4.58005094705171 1064559873 16 44
113991 1196 4.563438521708106 1064559947 11 44
113991 1198 5.003570381559954 1064559971 12 44
113991 1210 5.067601193551206 1356480920 10 44
113991 1240 5.022112734095899 1064559876 14 44
113991 1270 4.592560150609408 1064640019 13 44
113991 1291 4.037229384370164 1064559733 15 44
113991 1580 3.524465036521453 1064563525 22 44
113991 2028 4.044469681443916 1064559980 27 44
113991 2571 3.0390097946997234 1064559987 23 44
113991 2628 2.060885435193888 1064560308 25 44
113991 2716 4.55210877824624 1064561757 26 44
113991 2762 4.086252271337906 1064560000 24 44
113991 2858 4.055452513062786 1064560056 29 44
113991 3578 5.031997142145141 1064559839 28 44
118205 1 4.088300178845138 997044423 0 45
118205 110 5.022891956968701 997038454 7 45
118205 260 4.001768282545537 997046223 9 45
118205 296 4.521547865787623 1078176663 3 45
118205 318 4.023195099774965 997055765 6 45
118205 356 4.096108129897542 997045298 1 45
118205 377 4.071303737795959 997120024 17 45
118205 380 4.021201189905259 997046738 21 45
118205 457 4.078367395492789 997046355 20 45
118205 480 3.0723399738949606 997035038 2 45
118205 589 4.0040731666548455 997046291 5 45
118205 592 4.0331802114267425 997037169 18 45
118205 593 4.084551634175921 997055858 4 45
118205 648 4.064916647210438 997119609 19 45
118205 780 4.097872254449107 997121002 8 45
118205 1036 4.034131348058184 997041539 16 45
118205 1196 4.060056379400677 997042400 11 45
118205 1198 4.082089536387649 997046223 12 45
118205 1210 4.089450839914192 997046355 10 45
118205 1240 4.078590966565452 997046291 14 45
118205 1270 4.034830627326671 997036936 13 45
118205 1291 4.064225839382201 997046667 15 45
118205 1580 4.056392530017565 997120858 22 45
118205 2028 5.078269646763176 997055948 27 45
118205 2571 4.0351943278303954 997046291 23 45
118205 2628 4.517198123948673 1054406467 25 45
118205 2716 4.079771067276793 997044634 26 45
118205 2762 5.028821569271628 997121447 24 45
118205 2858 4.064250696933899 997036033 29 45
118205 3578 4.022089808093822 997046355 28 45
120575 1 4.088125770943391 1183661741 0 46
120575 110 5.029288295634729 1183662243 7 46
120575 260 5.066893359466372 1183661757 9 46
120575 296 5.054091602328357 1183661811 3 46
120575 318 5.063306849379045 1183662444 6 46
120575 356 5.087050036988058 1183661677 1 46
120575 377 2.029713351345391 1183662290 17 46
120575 380 4.571870196272137 1183661974 21 46
120575 457 5.047326169796676 1183662099 20 46
120575 480 4.594084830652558 1183661809 2 46
120575 589 5.079011732093948 1245682000 5 46
120575 592 4.024743860334969 1183662236 18 46
120575 593 5.067336771359772 1183661660 4 46
120575 648 5.089244680736201 1259099253 19 46
120575 780 4.584981665119593 1183662057 8 46
120575 1036 5.044956736985013 1183662687 16 46
120575 1196 5.021569324338765 1183661991 11 46
120575 1198 5.052031674183984 1183661782 12 46
120575 1210 5.018760203538992 1183661971 10 46
120575 1240 5.080878817368022 1183662149 14 46
120575 1270 3.5042403594089935 1183661654 13 46
120575 1291 5.014374772550538 1183661988 15 46
120575 1580 4.051648015362701 1183662011 22 46
120575 2028 4.582379258470959 1183661645 27 46
120575 2571 5.0214151384238335 1183662126 23 46
120575 2628 4.085605420344846 1183662372 25 46
120575 2716 4.0337260981374685 1183661852 26 46
120575 2762 4.574823468428435 1183662426 24 46
120575 2858 5.0456099419375615 1183661638 29 46
120575 3578 5.007733883594167 1183661689 28 46
129540 1 5.033997314677547 989640207 0 47
129540 110 5.053763195004584 989536050 7 47
129540 260 5.020151591877257 989555495 9 47
129540 296 5.009311279204722 989551798 3 47
129540 318 5.087556178202817 989549692 6 47
129540 356 4.022296944924828 989538148 1 47
129540 377 3.0493707685105593 989536098 17 47
129540 380 3.0384147536528054 989558733 21 47
129540 457 3.0802944205594427 989535999 20 47
129540 480 4.073632575687719 989728670 2 47
129540 589 5.017080184417031 989535949 5 47
129540 592 4.080551053483812 989536098 18 47
129540 593 5.070522410833086 989538885 4 47
129540 648 4.034025300092846 989559243 19 47
129540 780 3.094030641707474 989536450 8 47
129540 1036 3.094769772653088 989535906 16 47
129540 1196 5.022630818453504 1001124525 11 47
129540 1198 4.01741175198534 989535978 12 47
129540 1210 4.012374677579638 989536050 10 47
129540 1240 5.06891916289651 989535978 14 47
129540 1270 5.098239650851761 989640823 13 47
129540 1291 4.000465222337492 989699905 15 47
129540 1580 4.029770741825602 989536316 22 47
129540 2028 5.076214055174303 989538574 27 47
129540 2571 5.01134539969487 989535999 23 47
129540 2628 2.0151056235350757 989536316 25 47
129540 2716 4.028407848823653 989552779 26 47
129540 2762 4.068334736193483 989558220 24 47
129540 2858 5.024945734798848 989538326 29 47
129540 3578 5.0413188473385135 989536098 28 47
134352 1 4.568992580549638 1112739102 0 48
134352 110 4.012473979198646 1112732637 7 48
134352 260 4.032791301886662 1112724869 9 48
134352 296 5.087714465820245 1112658729 3 48
134352 318 4.043919433736639 1112658513 6 48
134352 356 4.526864011090587 1112732733 1 48
134352 377 3.0881299147050076 1232313419 17 48
134352 380 4.042238449065267 1232313394 21 48
134352 457 3.519710137173703 1232313374 20 48
134352 480 4.033039955502955 1232313369 2 48
134352 589 4.54577805561236 1112732622 5 48
134352 592 4.071016455977765 1232314834 18 48
134352 593 3.5234132576511996 1112658802 4 48
134352 648 3.092749514380584 1232313424 19 48
134352 780 3.09799530079013 1232313389 8 48
134352 1036 4.040011754052583 1112739084 16 48
134352 1196 5.03017498663878 1112658869 11 48
134352 1198 3.5628952007369072 1112658533 12 48
134352 1210 4.035521150295001 1112724941 10 48
134352 1240 4.082607684809982 1232313549 14 48
134352 1270 4.534100364573612 1112732628 13 48
134352 1291 4.016937529170369 1112732615 15 48
134352 1580 4.006348921948298 1112736420 22 48
134352 2028 4.07443186324225 1112738789 27 48
134352 2571 5.0847318283571115 1112724885 23 48
134352 2628 3.5980953331476075 1232313564 25 48
134352 2716 4.009147779964573 1112735999 26 48
134352 2762 4.094896551401939 1112736540 24 48
134352 2858 4.082082452480796 1112736521 29 48
134352 3578 4.583492608686992 1112732681 28 48
137686 1 5.043582159563583 899399283 0 49
137686 110 4.573538985519253 1097689234 7 49
137686 260 5.040141679201072 899398480 9 49
137686 296 5.03675435013564 897760849 3 49
137686 318 5.014445221759733 899415072 6 49
137686 356 4.045393982412126 899400038 1 49
137686 377 4.07788872507839 899398654 17 49
137686 380 4.095934818311848 899398448 21 49
137686 457 4.010864835474625 899398375 20 49
137686 480 4.004414096618125 899398654 2 49
137686 589 5.07002441943469 899398448 5 49
137686 592 4.0684522265785885 899398654 18 49
137686 593 5.094640108715366 899414937 4 49
137686 648 3.067319219940824 899398654 19 49
137686 780 3.5755137629174354 1077078052 8 49
137686 1036 4.572095335917324 1076987918 16 49
137686 1196 5.010250437840089 899398342 11 49
137686 1198 5.065573468136496 899398342 12 49
137686 1210 4.572737026005457 1076987863 10 49
137686 1240 5.024170291494223 899398342 14 49
137686 1270 4.583889219801086 1097689351 13 49
137686 1291 4.05156631729733 897760988 15 49
137686 1580 4.083913165691254 899398509 22 49
137686 2028 5.013738726911838 902957515 27 49
137686 2571 4.574610313591982 1097689370 23 49
137686 2628 3.587569562857418 1076988035 25 49
137686 2716 4.044073991030206 940038358 26 49
137686 2762 4.060935038913399 939939839 24 49
137686 2858 5.031855665622404 939939839 29 49
137686 3578 4.004956665955581 958026770 28 49
