982 1 3.0351034429705557 1141510156 0 0
982 32 3.50941960248778 1141503509 32 0
982 47 5.033786863204351 1141503403 30 0
982 110 3.0207760109171327 1141510040 7 0
982 260 4.0645939886879585 1141503419 9 0
982 296 5.019734703017651 1141503247 3 0
982 318 4.581441008617524 1141503412 6 0
982 356 2.5677239729090804 1141510010 1 0
982 377 3.551216710249402 1141510189 17 0
982 380 2.501140284921736 1141510153 21 0
982 457 3.0326824276760367 1141510023 20 0
982 480 3.0775317955995227 1141510020 2 0
982 589 3.586274250835457 1141503119 5 0
982 592 3.0325348240063237 1141510027 18 0
982 593 3.5566135215951102 1141503513 4 0
982 648 2.5929587178573867 1141510230 19 0
982 733 3.095872982881462 1141510202 49 0
982 780 2.5719726189461505 1141510160 8 0
982 1036 4.060525445549442 1141503484 16 0
982 1196 4.032010862698707 1141503191 11 0
982 1198 4.095016698297857 1141503375 12 0
982 1200 4.081043843897356 1141503445 34 0
982 1210 3.5603120276966322 1141510164 10 0
982 1214 4.049360290844864 1141503480 33 0
982 1240 4.068377374457669 1141510377 14 0
982 1270 3.5208536169267184 1141510219 13 0
982 1291 4.031484412318915 1141510469 15 0
982 1527 3.5517814584772784 1141510546 35 0
982 1580 3.0959851529709863 1141510403 22 0
982 1682 3.0778131792339485 1141510713 47 0
982 1721 3.0155730077216636 1141510420 44 0
982 2028 3.597363523807535 1141510195 27 0
982 2115 4.056834704725944 1141510732 43 0
982 2571 3.55760668402319 1141503436 23 0
982 2628 3.054988454570627 1141510423 25 0
982 2716 3.0180128659008805 1141510497 26 0
982 2762 3.564225277224473 1141510278 24 0
982 2858 4.063468171065859 1141503999 29 0
982 2959 5.001200441992692 1141503262 31 0
982 3578 3.583437789141217 1141510485 28 0
982 3793 2.504904667162477 1141510616 36 0
982 4306 3.001214165754882 1141510524 39 0
982 4963 3.0105165733978634 1141511401 46 0
982 4993 4.055047951890702 1141503380 37 0
982 5349 3.090082045896688 1141549676 41 0
982 5445 3.092962598485502 1141549569 40 0
982 5952 4.048232497569774 1141502683 38 0
982 6539 3.577145185985447 1141550160 45 0
982 6874 4.0394543327233 1141503507 48 0
982 7153 4.016843860315901 1141503022 42 0
4529 1 4.066554969018368 1174512832 0 1
4529 32 4.015769432756294 1174511461 32 1
4529 47 4.524703463211218 1174511342 30 1
4529 110 2.5990937108700067 1174512822 7 1
4529 260 3.0517993917088653 1174512819 9 1
4529 296 4.0140532340400625 1174506642 3 1
4529 318 4.0133151435964525 1174506004 6 1
4529 356 4.579696074168252 1174512805 1 1
4529 377 4.094379491263815 1174512844 17 1
4529 380 3.0645562082304525 1174512829 21 1
4529 457 2.5113426381197175 1174512812 20 1
4529 480 3.569995601257944 1174512809 2 1
4529 589 4.04097806044953 1174511264 5 1
4529 592 3.501630846237969 1174512814 18 1
4529 593 4.082373030249321 1174510668 4 1
4529 648 2.5761652067951872 1174512887 19 1
4529 733 3.588175226481245 1174511021 49 1
4529 780 3.520155736210607 1174512835 8 1
4529 1036 4.508469551279789 1174582022 16 1
4529 1196 3.542642888178314 1174512847 11 1
4529 1198 3.5733000395370116 1174506646 12 1
4529 1200 4.543001459061214 1174582076 34 1
4529 1210 3.524863602245911 1174512838 10 1
4529 1214 4.035815117282294 1174582026 33 1
4529 1240 4.022727098093448 1174510505 14 1
4529 1270 4.020248857364793 1174512903 13 1
4529 1291 3.009561541683865 1174582020 15 1
4529 1527 3.0167015306639935 1174582085 35 1
4529 1580 4.060896026894967 1174581927 22 1
4529 1682 3.0496534970368447 1174591251 47 1
4529 1721 2.5408780298327254 1174581930 44 1
4529 2028 3.00785585876055 1174512919 27 1
4529 2115 4.054941624196438 1174591262 43 1
4529 2571 3.06837842983946 1174510890 23 1
4529 2628 2.5995902372044064 1174581995 25 1
4529 2716 4.034637490059816 1174511546 26 1
4529 2762 2.505532337634841 1174581906 24 1
4529 2858 3.575359707281481 1174510554 29 1
4529 2959 4.069589459594145 1174510546 31 1
4529 3578 3.059869604154841 1174582075 28 1
4529 3793 2.592843473711998 1174582121 36 1
4529 4306 4.005585934750892 1174511746 39 1
4529 4963 2.5153591987492403 1174512287 46 1
4529 4993 2.5575277567095176 1174582074 37 1
4529 5349 2.546878128342827 1174591441 41 1
4529 5445 3.549623111707256 1174591266 40 1
4529 5952 2.594614689937204 1174582118 38 1
4529 6539 2.571882566941539 1174506165 45 1
4529 6874 3.0901006263242765 1174507097 48 1
4529 7153 2.590842184428429 1174591303 42 1
8405 1 5.00601319373398 1160463838 0 2
8405 32 4.075189224500303 1160464175 32 2
8405 47 4.539150595264499 1160464509 30 2
8405 110 4.013970448818964 1160464030 7 2
8405 260 5.094554621352099 1160463829 9 2
8405 296 5.053942537383517 1160463818 3 2
8405 318 4.5692274525711944 1160463940 6 2
8405 356 4.538001660701991 1344220422 1 2
8405 377 4.504981547605096 1160464181 17 2
8405 380 3.0387480808430944 1160464097 21 2
8405 457 4.504985824003817 1160463913 20 2
8405 480 4.062405719334342 1160463870 2 2
8405 589 5.042046772642231 1160463834 5 2
8405 592 4.591776089807122 1181398595 18 2
8405 593 5.003127450927194 1160463820 4 2
8405 648 3.557299864656633 1160464289 19 2
8405 733 3.0365015376486975 1160464689 49 2
8405 780 3.0519238520155367 1160464141 8 2
8405 1036 5.03764649556543 1160532842 16 2
8405 1196 5.010171780261032 1160464189 11 2
8405 1198 5.073593481299594 1160464197 12 2
8405 1200 4.582427025360531 1160532865 34 2
8405 1210 4.020225111426119 1160464166 10 2
8405 1214 5.016609200616461 1160532849 33 2
8405 1240 5.037968236465838 1160532257 14 2
8405 1270 4.506309444115822 1160464513 13 2
8405 1291 3.5585923488759974 1160532924 15 2
8405 1527 4.045740127259036 1160533517 35 2
8405 1580 3.098149091645404 1160465246 22 2
8405 1682 4.01297284663981 1161073710 47 2
8405 1721 5.023002688892086 1160464882 44 2
8405 2028 5.036132617012846 1160464532 27 2
8405 2115 3.502083795783728 1171269326 43 2
8405 2571 5.078184411352757 1160464521 23 2
8405 2628 3.0774512731883954 1160532765 25 2
8405 2716 4.595082142898241 1160532860 26 2
8405 2762 4.031784492004667 1160465000 24 2
8405 2858 4.591293820793007 1160464516 29 2
8405 2959 4.032924510766342 1160531338 31 2
8405 3578 3.5986456683471104 1160533244 28 2
8405 3793 3.5223823579169307 1160533913 36 2
8405 4306 4.5810121335392 1160533274 39 2
8405 4963 3.524741979510902 1169859164 46 2
8405 4993 4.53964260972299 1160533371 37 2
8405 5349 4.064882930026355 1169443236 41 2
8405 5445 4.067145532836793 1169443117 40 2
8405 5952 4.52425464060853 1160534059 38 2
8405 6539 4.010615133045526 1169212734 45 2
8405 6874 4.01657871962883 1169213086 48 2
8405 7153 5.010583063403061 1169212531 42 2
24219 1 5.017891068123246 1160511183 0 3
24219 32 5.08456835948193 1160511192 32 3
24219 47 5.008804815338487 1160510660 30 3
24219 110 5.0251884691375315 1160510138 7 3
24219 260 4.595546896828775 1160510323 9 3
24219 296 5.046743867207342 1160510085 3 3
24219 318 5.001508495768993 1160510251 6 3
24219 356 5.07446403516348 1160510107 1 3
24219 377 3.527393987592498 1269570454 17 3
24219 380 3.527533913321184 1269914101 21 3
24219 457 4.092376539718177 1160510098 20 3
24219 480 4.5774694403215745 1160510610 2 3
24219 589 5.007218503094802 1266963085 5 3
24219 592 4.500542986856666 1160510103 18 3
24219 593 5.019674856191778 1160510136 4 3
24219 648 3.5086416277817802 1160511200 19 3
24219 733 4.045981134761793 1160511233 49 3
24219 780 4.017265115223948 1160511185 8 3
24219 1036 4.54339592525221 1160511337 16 3
24219 1196 5.067462041467976 1160510306 11 3
24219 1198 4.038069212475972 1223658266 12 3
24219 1200 5.012588871354269 1270987715 34 3
24219 1210 4.56540446665831 1160510082 10 3
24219 1214 5.041258773983248 1160511344 33 3
24219 1240 4.5101334699502535 1160510977 14 3
24219 1270 5.0897806381075394 1160511225 13 3
24219 1291 4.088386268577282 1223658261 15 3
24219 1527 4.082356268942461 1271098221 35 3
24219 1580 4.0353613853276205 1160511274 22 3
24219 1682 4.574212272173973 1270987214 47 3
24219 1721 4.041144793880371 1160511277 44 3
24219 2028 5.016795469982326 1199393369 27 3
24219 2115 4.01274505403024 1223658263 43 3
24219 2571 4.55381911921917 1160510651 23 3
24219 2628 3.043273798346084 1270987400 25 3
24219 2716 4.520151469053982 1160511354 26 3
24219 2762 4.589211534544705 1272743120 24 3
24219 2858 5.026280612177403 1160510079 29 3
24219 2959 5.091421690527636 1160510517 31 3
24219 3578 5.057269698439064 1229477799 28 3
24219 3793 4.029147480259003 1266963025 36 3
24219 4306 4.012560292171668 1160510864 39 3
24219 4963 4.056798528256479 1160511837 46 3
24219 4993 4.012114924806302 1194925143 37 3
24219 5349 4.064172947372385 1160510133 41 3
24219 5445 4.045894999381781 1271262708 40 3
24219 5952 4.0518606083626665 1194925147 38 3
24219 6539 4.078890338817412 1160510448 45 3
24219 6874 4.009324104310701 1160510162 48 3
24219 7153 4.060030822426095 1194925145 42 3
29575 1 2.574696835369025 1124598807 0 4
29575 32 3.5926456995211073 1124601414 32 4
29575 47 3.560617648319679 1124701030 30 4
29575 110 4.040227323874261 1124600973 7 4
29575 260 4.058234710273202 1124701270 9 4
29575 296 4.507775626219691 1124701047 3 4
29575 318 3.5451033836036405 1124598283 6 4
29575 356 3.520910298248229 1124600168 1 4
29575 377 3.088347678658618 1124635670 17 4
29575 380 2.5694687442901905 1124636315 21 4
29575 457 3.5977213378587822 1124601631 20 4
29575 480 3.091105737137139 1124634816 2 4
29575 589 2.511516574770718 1124702146 5 4
29575 592 3.049989404187167 1124634534 18 4
29575 593 3.035981514062926 1124702137 4 4
29575 648 3.05437885660345 1124636647 19 4
29575 733 3.042165798253751 1124633161 49 4
29575 780 2.5937338117106887 1124702150 8 4
29575 1036 3.583158714442998 1124598663 16 4
29575 1196 5.092434366319262 1124701744 11 4
29575 1198 4.535026580880152 1124701077 12 4
29575 1200 2.5430400348626057 1124633237 34 4
29575 1210 4.588066019497854 1124701072 10 4
29575 1214 2.5243939699010696 1124630933 33 4
29575 1240 2.5591305934959756 1124633269 14 4
29575 1270 4.046091879782711 1124601680 13 4
29575 1291 4.01121949674989 1124701311 15 4
29575 1527 2.573797431252933 1124634565 35 4
29575 1580 2.5525570354930287 1124634867 22 4
29575 1682 3.5891748933740044 1124600905 47 4
29575 1721 2.5608099179036117 1124636584 44 4
29575 2028 4.572337678297128 1124701133 27 4
29575 2115 3.506900149369577 1124634527 43 4
29575 2571 3.0535661891988806 1124633233 23 4
29575 2628 3.5814013718335906 1124701758 25 4
29575 2716 3.5343694108155828 1124633398 26 4
29575 2762 3.0517710428991127 1124598893 24 4
29575 2858 4.536906099235694 1124598498 29 4
29575 2959 4.039366978940928 1124601467 31 4
29575 3578 4.036451093136903 1124600508 28 4
29575 3793 2.529454819966723 1124634408 36 4
29575 4306 3.02522416055812 1124702288 39 4
29575 4963 4.003034107196651 1124701432 46 4
29575 4993 3.047576957399469 1124630897 37 4
29575 5349 2.521369565284764 1124634096 41 4
29575 5445 3.576621137259799 1124600597 40 4
29575 5952 3.006176744653009 1124633174 38 4
29575 6539 2.5031462121508845 1124633272 45 4
29575 6874 4.03454487739006 1124601408 48 4
29575 7153 3.0923887649762283 1124702581 42 4
31122 1 4.079156104479629 1277390869 0 5
31122 32 4.004629437540459 1277394858 32 5
31122 47 4.575869501087356 1277990519 30 5
31122 110 5.0427495681086825 1277393353 7 5
31122 260 4.595275244184748 1279271268 9 5
31122 296 5.077283007931125 1277394813 3 5
31122 318 5.0599349083322664 1277391339 6 5
31122 356 5.055926534035761 1277393569 1 5
31122 377 4.020230267190039 1277390928 17 5
31122 380 4.0142109427949 1277461557 21 5
31122 457 4.030736526918118 1277390969 20 5
31122 480 4.043324474795325 1277463137 2 5
31122 589 5.089875664011073 1277393619 5 5
31122 592 4.077539311459297 1277399808 18 5
31122 593 4.524659080675391 1277391418 4 5
31122 648 4.0282108686863625 1277399955 19 5
31122 733 3.575019566174377 1277398379 49 5
31122 780 4.096424497859394 1277390641 8 5
31122 1036 4.062392589020913 1277390918 16 5
31122 1196 5.002377420063788 1279271327 11 5
31122 1198 5.061514398057981 1277393120 12 5
31122 1200 5.022697496596995 1277390821 34 5
31122 1210 4.001149368309287 1277393490 10 5
31122 1214 4.568244562294244 1277396729 33 5
31122 1240 4.061298902608375 1277394484 14 5
31122 1270 4.029073752867203 1277395420 13 5
31122 1291 4.563199941988157 1277393278 15 5
31122 1527 4.023887177583807 1277390846 35 5
31122 1580 4.009359703947516 1277390902 22 5
31122 1682 4.009826401202892 1277395676 47 5
31122 1721 4.0578425136282865 1277397984 44 5
31122 2028 5.024291073104937 1277391679 27 5
31122 2115 4.059117789085291 1277398053 43 5
31122 2571 4.5788033769536725 1277391652 23 5
31122 2628 4.037596677138029 1277390960 25 5
31122 2716 3.5142846589820866 1277390774 26 5
31122 2762 4.009576669491471 1277393284 24 5
31122 2858 4.522966492678363 1277386117 29 5
31122 2959 4.574819901161515 1277390815 31 5
31122 3578 5.047446998310504 1277391729 28 5
31122 3793 4.077216905911189 1277462517 36 5
31122 4306 4.030941982468398 1324750126 39 5
31122 4963 4.022604370862219 1277393915 46 5
31122 4993 4.517004089492936 1277391289 37 5
31122 5349 4.017843326850695 1277395780 41 5
31122 5445 4.036010141655373 1277390892 40 5
31122 5952 5.062443850429286 1277390986 38 5
31122 6539 4.517676433019815 1279271629 45 5
31122 6874 5.0264902227278645 1279272852 48 5
31122 7153 4.528195875143054 1277391485 42 5
33349 1 4.075242576279619 1121353096 0 6
33349 32 4.008821552035399 1121352356 32 6
33349 47 5.028480832598391 1121353012 30 6
33349 110 5.062293201319461 1121353111 7 6
33349 260 4.512163574214043 1121377907 9 6
33349 296 5.055685934929808 1121354671 3 6
33349 318 5.010461297603043 1121353026 6 6
33349 356 4.093502116094878 1121354676 1 6
33349 377 3.5536474150585966 1121354668 17 6
33349 380 4.595822193456246 1121354687 21 6
33349 457 5.075918642538117 1121377900 20 6
33349 480 4.052939218982613 1121377898 2 6
33349 589 4.519055406542432 1121352309 5 6
33349 592 3.5768615430760295 1121295513 18 6
33349 593 4.536725570964588 1121353056 4 6
33349 648 3.5805806527201125 1121377916 19 6
33349 733 4.5712702106464835 1121354566 49 6
33349 780 3.563280429998209 1121352312 8 6
33349 1036 5.0574540260579965 1121353059 16 6
33349 1196 5.0304068623176885 1121354128 11 6
33349 1198 5.075151991946102 1121353013 12 6
33349 1200 5.099617624781055 1121295542 34 6
33349 1210 3.5066994131868 1121352319 10 6
33349 1214 4.092106888673754 1121353068 33 6
33349 1240 4.045142497661464 1121377974 14 6
33349 1270 3.559992327273816 1121377931 13 6
33349 1291 4.0392867894768285 1121377992 15 6
33349 1527 4.037649040984222 1121378028 35 6
33349 1580 4.542580082610074 1121354530 22 6
33349 1682 4.0312606890762845 1121354540 47 6
33349 1721 5.0172184829551805 1121352574 44 6
33349 2028 4.570104795055919 1121353135 27 6
33349 2115 4.035334341870374 1121295528 43 6
33349 2571 4.035988723311853 1121353046 23 6
33349 2628 2.533750206005694 1121354532 25 6
33349 2716 4.556312404813899 1121354528 26 6
33349 2762 4.043000051867853 1121354535 24 6
33349 2858 4.596460673950872 1121377935 29 6
33349 2959 4.51779373203163 1121377363 31 6
33349 3578 4.031423521340914 1121354506 28 6
33349 3793 3.0022054724533302 1121354495 36 6
33349 4306 4.519913560918714 1121354449 39 6
33349 4963 3.5212886144765716 1121377374 46 6
33349 4993 5.094282287664222 1121352390 37 6
33349 5349 4.555790320196311 1121295536 41 6
33349 5445 4.059056137796647 1121787887 40 6
33349 5952 5.057377077901668 1121295281 38 6
33349 6539 4.548538919796322 1121787753 45 6
33349 6874 3.5751030560336625 1121353054 48 6
33349 7153 4.034795669661241 1121353009 42 6
34576 1 4.086273404978662 1163449264 0 7
34576 32 4.053999436845901 1163446424 32 7
34576 47 4.093401839890613 1163445049 30 7
34576 110 4.02375840845967 1163449251 7 7
34576 260 4.044431138569067 1163449245 9 7
34576 296 4.534891917618023 1163449228 3 7
34576 318 4.053121332343834 1163447111 6 7
34576 356 3.5653248567011584 1163449233 1 7
34576 377 3.0953471731828786 1163449287 17 7
34576 380 3.5217224570525083 1163449269 21 7
34576 457 3.521075741240094 1163449242 20 7
34576 480 4.064093413947674 1163449237 2 7
34576 589 4.032979898798418 1163446445 5 7
34576 592 3.5804409187701074 1163446483 18 7
34576 593 4.532409875721079 1163444971 4 7
34576 648 3.5266495413264307 1163449296 19 7
34576 733 3.0874492472017554 1163449343 49 7
34576 780 3.0538161169456384 1163449276 8 7
34576 1036 3.5911405182597202 1163446438 16 7
34576 1196 4.019274333688394 1163447137 11 7
34576 1198 4.0069038155581955 1163449319 12 7
34576 1200 3.594044565816952 1163445043 34 7
34576 1210 4.0090388403399855 1163447680 10 7
34576 1214 4.0602125840250824 1163444939 33 7
34576 1240 3.5555222761138805 1163446430 14 7
34576 1270 4.021448992007706 1163447533 13 7
34576 1291 4.0648811557997115 1163447479 15 7
34576 1527 3.5845359058782953 1163449527 35 7
34576 1580 3.5159989617469782 1163449391 22 7
34576 1682 3.5917022712420246 1163469475 47 7
34576 1721 3.508427463763076 1163449397 44 7
34576 2028 3.567391892861156 1163447484 27 7
34576 2115 4.012241343903697 1163450356 43 7
34576 2571 4.066842949903788 1163444380 23 7
34576 2628 3.518334072883242 1163449439 25 7
34576 2716 4.091623123805293 1163447561 26 7
34576 2762 4.00465572496861 1163446422 24 7
34576 2858 5.0862296633582105 1163449328 29 7
34576 2959 4.519252473774889 1163444400 31 7
34576 3578 3.507042047188206 1163449492 28 7
34576 3793 3.553435699023936 1163449652 36 7
34576 4306 3.5240469881261265 1163449507 39 7
34576 4963 3.5031293925797544 1163450080 46 7
34576 4993 4.00262664381757 1163449510 37 7
34576 5349 3.5076500513655446 1163449781 41 7
34576 5445 4.048032438184167 1163450323 40 7
34576 5952 4.070968221836786 1163447166 38 7
34576 6539 4.028666076346406 1163446454 45 7
34576 6874 4.09149564835803 1163450528 48 7
34576 7153 3.523369761803175 1163449929 42 7
39382 1 3.5433048329820425 1086047845 0 8
39382 32 5.069631187270609 1086045275 32 8
39382 47 4.591061614257446 1086047917 30 8
39382 110 4.552567662540619 1086047811 7 8
39382 260 5.049756760050339 1086047816 9 8
39382 296 4.556617557147446 1086047772 3 8
39382 318 4.093443143915967 1086047312 6 8
39382 356 4.020998350051587 1236219982 1 8
39382 377 2.5426913530409987 1086047861 17 8
39382 380 2.5129225659426258 1086047830 21 8
39382 457 2.022109557292164 1086047801 20 8
39382 480 3.5231949893091232 1086047798 2 8
39382 589 2.510742364929687 1086045291 5 8
39382 592 3.5994890385359106 1086047293 18 8
39382 593 3.597004602806993 1086047781 4 8
39382 648 2.5359859013225 1086047892 19 8
39382 733 1.5353857980531125 1086047920 49 8
39382 780 2.5376351995178164 1086045293 8 8
39382 1036 3.083005336591864 1086048173 16 8
39382 1196 5.0770290719318885 967847059 11 8
39382 1198 3.0826631076788296 967847059 12 8
39382 1200 5.016450735033232 1086048210 34 8
39382 1210 3.5093280387216232 1086045258 10 8
39382 1214 5.064810632526171 1086048160 33 8
39382 1240 4.013651739068687 1086048112 14 8
39382 1270 2.5491545581614496 1086047923 13 8
39382 1291 3.54888125186093 1086048203 15 8
39382 1527 5.048394591156486 1086048387 35 8
39382 1580 3.575775350093915 1086048103 22 8
39382 1682 4.5242820012620175 1086048638 47 8
39382 1721 2.069352754407433 1086045449 44 8
39382 2028 5.0076781469782174 1086047988 27 8
39382 2115 3.599287784912817 1086048719 43 8
39382 2571 4.594637706098718 1086048070 23 8
39382 2628 2.0578838881730066 1086048130 25 8
39382 2716 4.062544361024717 967848250 26 8
39382 2762 5.028383580135173 987884214 24 8
39382 2858 4.578171668703245 1236220055 29 8
39382 2959 5.095766036024549 967848172 31 8
39382 3578 5.082643930324231 987883969 28 8
39382 3793 4.057537419195418 987884279 36 8
39382 4306 3.0124499777888905 1007167304 39 8
39382 4963 4.016060909835609 1027807589 46 8
39382 4993 4.597518403285891 1086045413 37 8
39382 5349 4.050338759486898 1027807399 41 8
39382 5445 3.5828491673891985 1053130703 40 8
39382 5952 4.5009275723842945 1086047329 38 8
39382 6539 4.530737828332218 1073594856 45 8
39382 6874 3.584390335347743 1093441978 48 8
39382 7153 4.5224911549308615 1086044573 42 8
40285 1 2.0637046620977775 1167936877 0 9
40285 32 4.518870870382399 1167936899 32 9
40285 47 5.009610939763049 1167936734 30 9
40285 110 4.563499518478328 1167936859 7 9
40285 260 1.519511951306331 1167936857 9 9
40285 296 5.027314232838288 1167936659 3 9
40285 318 5.082531891834694 1167936852 6 9
40285 356 4.083857869870709 1167936842 1 9
40285 377 1.5816553539015088 1167936903 17 9
40285 380 2.0673397997032374 1167936872 21 9
40285 457 3.0905784301126253 1167936849 20 9
40285 480 2.019351814547259 1167936846 2 9
40285 589 2.584407078169956 1167936868 5 9
40285 592 1.574247569651284 1167936855 18 9
40285 593 5.053495168677446 1167936844 4 9
40285 648 2.070391702528185 1167936913 19 9
40285 733 3.040931983145292 1167939550 49 9
40285 780 3.0779115790806313 1167936882 8 9
40285 1036 2.06253038184226 1167939626 16 9
40285 1196 1.594594343915881 1167936911 11 9
40285 1198 3.045375053533194 1167936922 12 9
40285 1200 3.0600215960867936 1167937075 34 9
40285 1210 1.5577618459298062 1167936891 10 9
40285 1214 3.0289331309939946 1167938439 33 9
40285 1240 3.550057255711925 1167939592 14 9
40285 1270 2.0658225959704057 1167938043 13 9
40285 1291 2.0983433907909075 1167939625 15 9
40285 1527 4.508122597446921 1167938412 35 9
40285 1580 2.5721834684393388 1167939585 22 9
40285 1682 2.0337554891057854 1167938403 47 9
40285 1721 2.5234447703483345 1167939230 44 9
40285 2028 4.045344046892472 1167939307 27 9
40285 2115 2.0837552710007627 1167939776 43 9
40285 2571 4.040566744536277 1167936376 23 9
40285 2628 1.0774376523963374 1167939606 25 9
40285 2716 2.0242970792599775 1168010403 26 9
40285 2762 3.064002519172384 1167938039 24 9
40285 2858 4.088521283129001 1167936413 29 9
40285 2959 4.5513779038117965 1167936654 31 9
40285 3578 4.007078973183 1167937623 28 9
40285 3793 2.053553327191681 1167939658 36 9
40285 4306 1.5681509845484503 1167938011 39 9
40285 4963 4.061058482118411 1167938002 46 9
40285 4993 3.5200298686407776 1167937562 37 9
40285 5349 2.0228555462357245 1167939913 41 9
40285 5445 3.541891053668576 1167939787 40 9
40285 5952 2.5491850546422423 1167938434 38 9
40285 6539 3.026814736003933 1167937099 45 9
40285 6874 4.545521314469149 1167936776 48 9
40285 7153 3.5539863128840916 1167937091 42 9
59477 1 4.573689780757592 1136800269 0 10
59477 32 3.567912661621257 1136801418 32 10
59477 47 4.511879836815676 1136794108 30 10
59477 110 4.549290483958776 1136800259 7 10
59477 260 4.0110998892364895 1136800261 9 10
59477 296 5.091829908646069 1136800231 3 10
59477 318 4.501598969606751 1136814110 6 10
59477 356 4.043286790481753 1136800250 1 10
59477 377 4.031507553806583 1136793962 17 10
59477 380 3.567103567517493 1136981899 21 10
59477 457 2.5204179163940426 1136800246 20 10
59477 480 4.020329408555152 1136800248 2 10
59477 589 5.006300362278327 1136800263 5 10
59477 592 4.53256837861444 1136800244 18 10
59477 593 3.526300386637161 1136794106 4 10
59477 648 2.5956195692814656 1136805596 19 10
59477 733 2.5565396786893873 1136805851 49 10
59477 780 3.5598524938614786 1136988271 8 10
59477 1036 4.087497352964328 1136865228 16 10
59477 1196 4.026341266824774 1136806239 11 10
59477 1198 3.0403215228317517 1136808193 12 10
59477 1200 4.027098210736299 1136800566 34 10
59477 1210 3.529186748981754 1136801422 10 10
59477 1214 3.5864221067072326 1136985972 33 10
59477 1240 3.0610239491752287 1136805530 14 10
59477 1270 4.085606520024703 1136794021 13 10
59477 1291 2.58036878955021 1136801911 15 10
59477 1527 2.0562307702049045 1136794037 35 10
59477 1580 3.069970972030803 1136801701 22 10
59477 1682 2.5109804895089596 1136794025 47 10
59477 1721 5.015653781399939 1136804053 44 10
59477 2028 4.083915419078133 1136800593 27 10
59477 2115 3.027350569347928 1136801699 43 10
59477 2571 3.5501870632873276 1136801274 23 10
59477 2628 2.555014563981075 1136801546 25 10
59477 2716 3.0248025298250916 1136801415 26 10
59477 2762 3.065809346693759 1136793980 24 10
59477 2858 4.081985830335353 1136804708 29 10
59477 2959 3.5756106167583486 1136865182 31 10
59477 3578 3.559214403281647 1136804076 28 10
59477 3793 3.5353758613039834 1136793949 36 10
59477 4306 4.524133881242159 1136793945 39 10
59477 4963 3.560559208677658 1136989105 46 10
59477 4993 4.016246757973456 1136801655 37 10
59477 5349 3.5072657927527198 1136801551 41 10
59477 5445 3.5098481084967474 1136988674 40 10
59477 5952 4.070457014952611 1136801261 38 10
59477 6539 3.5301569566165374 1136801904 45 10
59477 6874 4.073123665546294 1136814458 48 10
59477 7153 3.5230065621980593 1136806179 42 10
60159 1 5.0394948482969495 948256089 0 11
60159 32 4.091979167606498 948170630 32 11
60159 47 4.066274835422672 1122962885 30 11
60159 110 3.084588855345569 948169015 7 11
60159 260 5.043779295223158 948170163 9 11
60159 296 3.0487760293756683 962914687 3 11
60159 318 5.021142262668908 948255863 6 11
60159 356 5.043978801974468 948257527 1 11
60159 377 4.008134777784439 948169756 17 11
60159 380 4.541561389713755 1193856550 21 11
60159 457 5.085824534198707 948169583 20 11
60159 480 5.050092374698964 948169583 2 11
60159 589 5.024140861090848 948170771 5 11
60159 592 4.026493158338762 948593582 18 11
60159 593 4.553821155237357 1179868575 4 11
60159 648 4.088799830964877 962913112 19 11
60159 733 3.003519139335539 948169621 49 11
60159 780 4.033473019623246 948170363 8 11
60159 1036 5.090995734084101 962913736 16 11
60159 1196 5.0175388051451435 948170163 11 11
60159 1198 5.0731187923185095 948255863 12 11
60159 1200 3.0784385003647343 948170363 34 11
60159 1210 5.046055515927808 948170163 10 11
60159 1214 3.0016736101293575 948169390 33 11
60159 1240 3.0481022323608125 948170217 14 11
60159 1270 5.075666255598033 948170217 13 11
60159 1291 5.076181284537085 948256026 15 11
60159 1527 5.0251942980326225 948169722 35 11
60159 1580 4.047861482024873 1348454305 22 11
60159 1682 4.0944789523274405 962914829 47 11
60159 1721 5.028390750235752 948257817 44 11
60159 2028 4.574467595526041 1179868584 27 11
60159 2115 4.002603010664588 962913736 43 11
60159 2571 5.020975899790817 948169583 23 11
60159 2628 5.05995177248647 948169684 25 11
60159 2716 4.029099653205326 962909823 26 11
60159 2762 5.096222714936228 962908816 24 11
60159 2858 3.081619930764284 980564899 29 11
60159 2959 2.594883592970746 1122962965 31 11
60159 3578 4.077181079571206 980564899 28 11
60159 3793 3.534609102591767 1289786606 36 11
60159 4306 5.0733774598520185 1015141636 39 11
60159 4963 4.58442364939538 1122963193 46 11
60159 4993 4.56575459367396 1122963003 37 11
60159 5349 4.032730228035518 1170717409 41 11
60159 5445 4.025865785611122 1122963148 40 11
60159 5952 4.561385607098051 1122963064 38 11
60159 6539 4.06793651343988 1122963255 45 11
60159 6874 3.019818730129727 1122963530 48 11
60159 7153 4.503240314571349 1122963229 42 11
66533 1 3.0881691612427464 1292039756 0 12
66533 32 4.008435125798035 1292039782 32 12
66533 47 3.029481599029218 1292039810 30 12
66533 110 4.078116939249418 1292039743 7 12
66533 260 5.030746752453745 1292039741 9 12
66533 296 4.5583091111072855 1291967539 3 12
66533 318 4.575045687807663 1292039737 6 12
66533 356 4.060910615575821 1291967816 1 12
66533 377 2.03688826091704 1292039800 17 12
66533 380 3.0592417246660606 1292039780 21 12
66533 457 3.0315892920815433 1292039746 20 12
66533 480 3.503414000613 1292039736 2 12
66533 589 2.5734545392717414 1292039754 5 12
66533 592 3.07154179335896 1292039752 18 12
66533 593 4.585336180043537 1292039733 4 12
66533 648 4.549978834536009 1292039813 19 12
66533 733 3.0116694546195384 1292039862 49 12
66533 780 3.0756737079329057 1292039759 8 12
66533 1036 2.5113369377105936 1292039921 16 12
66533 1196 5.014419196234757 1292039795 11 12
66533 1198 5.007241666370578 1292039806 12 12
66533 1200 2.0276802067936712 1292039992 34 12
66533 1210 5.040585632288846 1292039767 10 12
66533 1214 2.563344894829949 1292039919 33 12
66533 1240 3.0778089597337184 1292039874 14 12
66533 1270 5.008764030497109 1292039809 13 12
66533 1291 2.5412829525504437 1292039913 15 12
66533 1527 2.016327754122662 1292039978 35 12
66533 1580 3.510759886639218 1292039854 22 12
66533 1682 5.018340771488503 1292040085 47 12
66533 1721 2.0412577122550273 1292039860 44 12
66533 2028 3.5930392102546267 1292039647 27 12
66533 2115 2.537463511847716 1292040152 43 12
66533 2571 5.089035895076245 1292039570 23 12
66533 2628 2.0230784920528224 1292039882 25 12
66533 2716 4.557991668301514 1292039930 26 12
66533 2762 3.0031942604890305 1292039838 24 12
66533 2858 5.042903808592905 1292039797 29 12
66533 2959 5.052444337543524 1292039508 31 12
66533 3578 4.094191236649006 1292033391 28 12
66533 3793 3.587769347218981 1292040003 36 12
66533 4306 3.0194411004499493 1292039905 39 12
66533 4963 4.011796741578631 1292040142 46 12
66533 4993 3.5231642237460226 1292039872 37 12
66533 5349 4.011545812988401 1292040127 41 12
66533 5445 3.0101189617637076 1292040088 40 12
66533 5952 3.0067474636400626 1292039909 38 12
66533 6539 3.0575389837835614 1292040110 45 12
66533 6874 4.530784701749027 1292040258 48 12
66533 7153 3.009744667184098 1292039988 42 12
69793 1 3.520427517875041 1169501403 0 13
69793 32 3.569531804632379 1169501412 32 13
69793 47 4.055257994630665 1169596275 30 13
69793 110 4.5659172604168425 1169501350 7 13
69793 260 4.524948073274757 1169501621 9 13
69793 296 5.060808097451865 1169501253 3 13
69793 318 4.585652985296601 1169501355 6 13
69793 356 4.599114799381618 1169501784 1 13
69793 377 3.523505141684429 1169501590 17 13
69793 380 3.0040029527261263 1169501250 21 13
69793 457 4.082322573145854 1169501579 20 13
69793 480 4.522446220247064 1169502345 2 13
69793 589 4.524086185059706 1169501722 5 13
69793 592 4.085011022533182 1169501297 18 13
69793 593 4.022601427797775 1169501313 4 13
69793 648 3.547008169078503 1169501658 19 13
69793 733 4.089581819220772 1169501495 49 13
69793 780 4.091608705761013 1169502004 8 13
69793 1036 3.528062157133524 1169501746 16 13
69793 1196 5.085570833247657 1169501608 11 13
69793 1198 5.046940086862857 1169501379 12 13
69793 1200 4.00670368565413 1169502154 34 13
69793 1210 4.028547021774034 1169501947 10 13
69793 1214 4.538086229123525 1169502510 33 13
69793 1240 4.049124372137316 1169501436 14 13
69793 1270 4.044700387289438 1169501224 13 13
69793 1291 4.075426778648624 1169502178 15 13
69793 1527 4.515611772490668 1169501865 35 13
69793 1580 3.5667143859560086 1169501377 22 13
69793 1682 3.59933828186596 1169501816 47 13
69793 1721 3.5095471641328 1169501310 44 13
69793 2028 4.585720517272226 1169501566 27 13
69793 2115 5.0143414884448125 1169502245 43 13
69793 2571 5.0133034737557285 1169501291 23 13
69793 2628 3.5003805509515993 1169501265 25 13
69793 2716 3.5330479992788586 1169501550 26 13
69793 2762 4.5266102154909085 1169501320 24 13
69793 2858 4.037378180498831 1169501560 29 13
69793 2959 4.529916108105425 1169501604 31 13
69793 3578 4.073447027778426 1169501268 28 13
69793 3793 4.573892515910013 1169501227 36 13
69793 4306 4.530645126033587 1169501219 39 13
69793 4963 4.594338420952957 1169501782 46 13
69793 4993 4.532787818547077 1169501303 37 13
69793 5349 4.573278246861786 1169501445 41 13
69793 5445 3.092417577136648 1169501748 40 13
69793 5952 5.016978209284712 1169501280 38 13
69793 6539 4.554853141297453 1169501647 45 13
69793 6874 5.095374331479277 1169501337 48 13
69793 7153 4.582177445083502 1169501995 42 13
71975 1 4.561591770049763 1175649502 0 14
71975 32 4.023189616769511 1175652974 32 14
71975 47 4.077697077797527 1175649479 30 14
71975 110 3.5294736388163073 1175652933 7 14
71975 260 4.515544457840783 1175649404 9 14
71975 296 4.597565496353192 1175652826 3 14
71975 318 4.033862526217321 1175649384 6 14
71975 356 4.568963148902104 1175649361 1 14
71975 377 4.074466866591769 1175649349 17 14
71975 380 4.0970087052301105 1175649346 21 14
71975 457 3.541270061140286 1175649326 20 14
71975 480 4.573421173823404 1175652703 2 14
71975 589 5.084846389793322 1175649263 5 14
71975 592 4.044646831723546 1175649261 18 14
71975 593 5.02315258241002 1175652633 4 14
71975 648 4.079360107890709 1175649238 19 14
71975 733 3.559369217559329 1175649228 49 14
71975 780 4.087425836052387 1175652564 8 14
71975 1036 4.014257118832855 1175652436 16 14
71975 1196 5.067607825379235 1175649100 11 14
71975 1198 4.505978692680842 1175649098 12 14
71975 1200 5.0526122202799915 1175652341 34 14
71975 1210 5.073607377642366 1175652327 10 14
71975 1214 4.5714174881804395 1175652322 33 14
71975 1240 5.03209384821303 1175649071 14 14
71975 1270 4.007206985127927 1175652276 13 14
71975 1291 4.009576751865403 1175652255 15 14
71975 1527 4.0471102179986875 1175648934 35 14
71975 1580 4.03100272673183 1175648921 22 14
71975 1682 4.031741636056667 1175652101 47 14
71975 1721 3.554763967679051 1175652095 44 14
71975 2028 4.582117709593048 1175651934 27 14
71975 2115 3.5140569921803495 1175648706 43 14
71975 2571 4.587535765315505 1175648504 23 14
71975 2628 4.520281135709384 1175648487 25 14
71975 2716 4.5000974900139 1175648445 26 14
71975 2762 5.006955402864368 1175648428 24 14
71975 2858 5.078503037724381 1175651484 29 14
71975 2959 5.017994696912651 1175651436 31 14
71975 3578 4.0289416136803196 1175648113 28 14
71975 3793 4.060969931158944 1175648057 36 14
71975 4306 4.05419130058978 1175647877 39 14
71975 4963 4.072650071082083 1175650263 46 14
71975 4993 4.521290111080969 1175650251 37 14
71975 5349 4.502317081565889 1175650132 41 14
71975 5445 4.51040347717699 1175632329 40 14
71975 5952 3.0390881247145236 1175594311 38 14
71975 6539 4.038683277049042 1175626491 45 14
71975 6874 4.0982468260887615 1175649921 48 14
71975 7153 4.592662707933967 1175649808 42 14
74142 1 5.016555612335554 955118621 0 15
74142 32 5.0361071326679925 1421618054 32 15
74142 47 4.028200647180557 1165248385 30 15
74142 110 3.0480469234301637 1353089361 7 15
74142 260 5.090190245884767 955113720 9 15
74142 296 5.0439135860304285 955117911 3 15
74142 318 5.046900651405022 955259343 6 15
74142 356 2.0136933959032075 1080388012 1 15
74142 377 0.5059969875259832 1076137059 17 15
74142 380 3.0294901123808806 1361503232 21 15
74142 457 1.055945345464977 1353089368 20 15
74142 480 2.5765637772545875 1141929588 2 15
74142 589 3.0717249775697697 1141929600 5 15
74142 592 4.05720594671924 1318622250 18 15
74142 593 2.0376679538455793 955118006 4 15
74142 648 3.088450354596731 1218638450 19 15
74142 733 2.0695030582977103 1353089492 49 15
74142 780 3.066007150274524 1218638429 8 15
74142 1036 5.0467844458565585 1020046470 16 15
74142 1196 5.056761524183581 955113196 11 15
74142 1198 5.068859858298104 955117774 12 15
74142 1200 5.088575816033271 961308865 34 15
74142 1210 3.054628819932488 1156000817 10 15
74142 1214 4.072401270803161 1353089570 33 15
74142 1240 1.0880996326864416 1080388137 14 15
74142 1270 5.077067706464776 955113211 13 15
74142 1291 5.070050601126277 955117829 15 15
74142 1527 2.072685288492882 1353089631 35 15
74142 1580 4.021891132144066 1215183511 22 15
74142 1682 4.095018483507534 1426360956 47 15
74142 1721 4.031242180083605 1165248229 44 15
74142 2028 2.055393476534177 1136228894 27 15
74142 2115 4.0328627337717835 1218638725 43 15
74142 2571 5.002217321045377 955117829 23 15
74142 2628 3.0010192307471244 1141929700 25 15
74142 2716 5.027037215212501 996806818 26 15
74142 2762 3.00386283977092 1225000235 24 15
74142 2858 3.010211259085434 1361503244 29 15
74142 2959 4.0965192181695835 1312558614 31 15
74142 3578 2.046950354821849 996806819 28 15
74142 3793 4.070129811282285 1218638619 36 15
74142 4306 2.547103106031189 1353089508 39 15
74142 4963 3.0756869107711684 1353089765 46 15
74142 4993 5.087088774791475 1008796432 37 15
74142 5349 1.0751987910676961 1020453186 41 15
74142 5445 3.0736368976569066 1218638714 40 15
74142 5952 2.5350089354861076 1353089502 38 15
74142 6539 4.0531012220431775 1218638750 45 15
74142 6874 5.053837680777381 1090720199 48 15
74142 7153 3.0048074231719233 1353089594 42 15
76437 1 4.090808785346402 1220925276 0 16
76437 32 3.020306584172681 1221160103 32 16
76437 47 2.5146070630397106 1220925281 30 16
76437 110 5.081480539556873 1220925271 7 16
76437 260 3.022546089992252 1220925281 9 16
76437 296 4.051528942240954 1221160080 3 16
76437 318 5.090406927360525 1220925273 6 16
76437 356 4.581995390901036 1221160073 1 16
76437 377 3.0491012126106285 1220925281 17 16
76437 380 3.0707892203398997 1220925280 21 16
76437 457 3.508333975085642 1220925278 20 16
76437 480 4.0187939853504435 1221154117 2 16
76437 589 3.526572017359338 1221160657 5 16
76437 592 4.036047709776689 1221160083 18 16
76437 593 4.015543560363797 1221160080 4 16
76437 648 2.02400146839367 1221160749 19 16
76437 733 3.5507576656583986 1221154132 49 16
76437 780 4.008229705903984 1221160679 8 16
76437 1036 3.097218886383165 1221160095 16 16
76437 1196 3.583471296450515 1220925279 11 16
76437 1198 4.010089740114653 1220925276 12 16
76437 1200 3.5431539896195687 1220925277 34 16
76437 1210 1.5678806134343222 1221160814 10 16
76437 1214 3.559646874319814 1220925277 33 16
76437 1240 3.507471750128649 1221154145 14 16
76437 1270 3.0269861763869708 1220925279 13 16
76437 1291 4.024215772230208 1220925275 15 16
76437 1527 3.007606223715194 1221154195 35 16
76437 1580 3.5429323210499413 1221154139 22 16
76437 1682 3.55032327570459 1220925279 47 16
76437 1721 4.0489744526743205 1220925276 44 16
76437 2028 4.072363607363904 1220925276 27 16
76437 2115 4.082517131530437 1221160078 43 16
76437 2571 5.072704798106673 1220925272 23 16
76437 2628 3.513793204157856 1221154150 25 16
76437 2716 4.099379901648909 1220925275 26 16
76437 2762 2.5182302172056383 1220925281 24 16
76437 2858 3.5246208152697345 1220925277 29 16
76437 2959 4.0829794801175066 1220925274 31 16
76437 3578 3.5955666531072294 1220925278 28 16
76437 3793 3.0565367848191536 1221160105 36 16
76437 4306 4.0614101602901345 1220925276 39 16
76437 4963 3.5771738575006267 1220925278 46 16
76437 4993 3.004528290201012 1221154164 37 16
76437 5349 3.033220320799307 1221160087 41 16
76437 5445 3.5125621129118962 1220925278 40 16
76437 5952 4.05967636697729 1221160134 38 16
76437 6539 4.599411718872228 1220925273 45 16
76437 6874 2.5851948179724404 1221160758 48 16
76437 7153 5.040090325806767 1220925273 42 16
76630 1 5.091845854238307 1337396968 0 17
76630 32 4.0456888201710886 1337396803 32 17
76630 47 4.0526832747124 1337397707 30 17
76630 110 4.011543958371431 1337396267 7 17
76630 260 4.079586718215481 1337397257 9 17
76630 296 4.063766779288809 1337397361 3 17
76630 318 5.001537439798304 1337376914 6 17
76630 356 3.5426054379708147 1337396288 1 17
76630 377 3.563567309191114 1337439782 17 17
76630 380 4.008837358334536 1337403176 21 17
76630 457 4.581697074644247 1337396261 20 17
76630 480 4.595590803931086 1337397123 2 17
76630 589 4.025318510423207 1337396581 5 17
76630 592 4.026060179677345 1337397629 18 17
76630 593 4.588576392705851 1337397247 4 17
76630 648 3.519210918503868 1337439788 19 17
76630 733 3.0355598690901826 1337445595 49 17
76630 780 3.0037525283222997 1337439775 8 17
76630 1036 3.5781696513291674 1337397521 16 17
76630 1196 5.095677732984409 1337397505 11 17
76630 1198 4.023061867345336 1337397512 12 17
76630 1200 4.044325203636499 1337397273 34 17
76630 1210 4.099355504309475 1337397609 10 17
76630 1214 4.084796148340324 1337397687 33 17
76630 1240 4.53690706577449 1337396980 14 17
76630 1270 3.599617514029419 1337397518 13 17
76630 1291 4.532354825453784 1337397549 15 17
76630 1527 4.041661890992015 1337397494 35 17
76630 1580 4.040197368043029 1337397213 22 17
76630 1682 4.023627800946349 1337396281 47 17
76630 1721 2.511321231619816 1337439797 44 17
76630 2028 4.077046674323372 1337397431 27 17
76630 2115 3.5490598184151247 1337397064 43 17
76630 2571 4.58501478750563 1337397733 23 17
76630 2628 2.0442359778202035 1337397595 25 17
76630 2716 4.043772727124143 1337396850 26 17
76630 2762 4.055842380752244 1337397749 24 17
76630 2858 4.051764318748085 1337398866 29 17
76630 2959 3.00331460006453 1337398843 31 17
76630 3578 4.081632414751402 1337398974 28 17
76630 3793 3.5676135995502767 1337414199 36 17
76630 4306 3.080935378751032 1337396189 39 17
76630 4963 3.543644378871487 1337396233 46 17
76630 4993 4.521861841370294 1337403006 37 17
76630 5349 3.0568412759092483 1337437741 41 17
76630 5445 4.031480826537528 1337398940 40 17
76630 5952 4.554831793424696 1337398943 38 17
76630 6539 3.078580436127537 1337396199 45 17
76630 6874 4.045076982546081 1337397766 48 17
76630 7153 3.5894943641944965 1337398994 42 17
87718 1 5.076610398149828 1351469142 0 18
87718 32 3.517491674773785 1351469300 32 18
87718 47 3.0838532068103723 1351469269 30 18
87718 110 3.5202086299963242 1351469130 7 18
87718 260 5.042820548513837 1351468125 9 18
87718 296 4.540682319529397 1351467831 3 18
87718 318 3.5596869155050714 1351469239 6 18
87718 356 2.010517151204845 1351469103 1 18
87718 377 2.5146481294365124 1351637103 17 18
87718 380 3.0374054046964014 1351469690 21 18
87718 457 2.5235059307766208 1351637073 20 18
87718 480 4.078557909905835 1351468437 2 18
87718 589 4.52677304168412 1351468448 5 18
87718 592 3.579270613893626 1351471603 18 18
87718 593 4.06353850583982 1351468175 4 18
87718 648 2.0388550593512575 1351637106 19 18
87718 733 3.0718308853192036 1351637154 49 18
87718 780 3.058887199548321 1351637079 8 18
87718 1036 3.5195921258145684 1351468139 16 18
87718 1196 4.04275489714549 1351469712 11 18
87718 1198 5.083492523717443 1351469204 12 18
87718 1200 5.079672415247936 1351468663 34 18
87718 1210 3.5715345186121934 1351469022 10 18
87718 1214 5.086844005616013 1351468660 33 18
87718 1240 3.0432627000245116 1351467923 14 18
87718 1270 3.5447783295709963 1351469168 13 18
87718 1291 5.029463958445853 1351468159 15 18
87718 1527 5.034446455479934 1351468422 35 18
87718 1580 3.0966902561923573 1351470043 22 18
87718 1682 2.5507034213439406 1351469079 47 18
87718 1721 4.067057561073264 1351637131 44 18
87718 2028 2.5011938121357424 1351469331 27 18
87718 2115 5.040339102472633 1351469680 43 18
87718 2571 5.090678430038073 1351467914 23 18
87718 2628 2.5342956698160712 1351637166 25 18
87718 2716 3.5864637270564077 1351469813 26 18
87718 2762 2.5867989810075827 1351469188 24 18
87718 2858 3.013794255535855 1351468154 29 18
87718 2959 4.540248758629243 1351468101 31 18
87718 3578 4.522281094287308 1351469094 28 18
87718 3793 3.5851762217045646 1351468503 36 18
87718 4306 2.5809107009888836 1351471725 39 18
87718 4963 3.5478603675355527 1351469577 46 18
87718 4993 4.589782465213144 1351468216 37 18
87718 5349 2.55261217543213 1351468518 41 18
87718 5445 2.0373584458065572 1351468633 40 18
87718 5952 5.024716274798986 1351468285 38 18
87718 6539 3.5861621839741784 1351469560 45 18
87718 6874 3.5598080420872367 1351469116 48 18
87718 7153 4.595479871248126 1351468219 42 18
88604 1 4.599936002167959 1426443917 0 19
88604 32 4.052923512048882 1426444352 32 19
88604 47 4.034018925929358 1426523854 30 19
88604 110 3.5127550424585157 1426443867 7 19
88604 260 4.591671666937122 1426443843 9 19
88604 296 4.590141213929121 1426443635 3 19
88604 318 4.014659505437505 1426443795 6 19
88604 356 3.5056080677287964 1426443746 1 19
88604 377 4.085860208671212 1426523901 17 19
88604 380 3.5793895595806156 1426444402 21 19
88604 457 4.0741975891910105 1426444007 20 19
88604 480 4.518716672837916 1426443822 2 19
88604 589 4.503916248811061 1426443938 5 19
88604 592 3.5509340469528086 1426444276 18 19
88604 593 4.521574960048915 1426443769 4 19
88604 648 3.0837652200351515 1426523992 19 19
88604 733 3.547417218021617 1426444661 49 19
88604 780 3.57507235711622 1426444252 8 19
88604 1036 4.543551490704703 1426935186 16 19
88604 1196 4.547020918766611 1426444425 11 19
88604 1198 4.575431496359506 1426444530 12 19
88604 1200 4.531514720844287 1426528589 34 19
88604 1210 3.571375837997092 1426524150 10 19
88604 1214 4.510902050734063 1426935105 33 19
88604 1240 4.558305775628812 1426934860 14 19
88604 1270 4.54375042613231 1426523829 13 19
88604 1291 4.5080505484825215 1426935089 15 19
88604 1527 3.5492637499438238 1426524655 35 19
88604 1580 4.069132836047737 1426524303 22 19
88604 1682 4.553259435177628 1426940649 47 19
88604 1721 4.055166186047984 1426524327 44 19
88604 2028 4.566018667086091 1426524040 27 19
88604 2115 4.521077224541708 1426525811 43 19
88604 2571 4.017552351462713 1426444193 23 19
88604 2628 3.0475209581673903 1426935061 25 19
88604 2716 4.099688530933645 1426935241 26 19
88604 2762 4.091400801090784 1426524015 24 19
88604 2858 4.087956771801535 1426444454 29 19
88604 2959 4.078461631047431 1426523937 31 19
88604 3578 3.5011184304814402 1426934879 28 19
88604 3793 3.5514583871400203 1426524731 36 19
88604 4306 4.088618881744183 1426444695 39 19
88604 4963 3.53439153782402 1426940989 46 19
88604 4993 4.077172119008919 1426524178 37 19
88604 5349 4.030783951724291 1426525159 41 19
88604 5445 4.015393618722897 1426940671 40 19
88604 5952 4.585290914408634 1426524391 38 19
88604 6539 3.5307026824299204 1426525114 45 19
88604 6874 4.098928745028907 1426525700 48 19
88604 7153 4.518463318516393 1426934973 42 19
92269 1 5.099840380961564 1283885374 0 20
92269 32 3.031211233991661 1229483010 32 20
92269 47 4.504314722448839 1283885357 30 20
92269 110 4.58372851390893 1283885315 7 20
92269 260 4.55576235998462 1283885400 9 20
92269 296 4.035355921903903 1283885509 3 20
92269 318 4.567719346721225 1283885461 6 20
92269 356 4.081113907317204 1283885455 1 20
92269 377 3.524796824020259 1283885442 17 20
92269 380 3.571198425194881 1283885494 21 20
92269 457 4.05959978172415 1283885362 20 20
92269 480 3.5550644450110283 1283885298 2 20
92269 589 4.551557134605911 1283885359 5 20
92269 592 4.095742513525467 1283885283 18 20
92269 593 4.023045036878141 1283885435 4 20
92269 648 3.0321232553205766 1283885388 19 20
92269 733 2.529281555788298 1283885467 49 20
92269 780 2.574932343211992 1283885325 8 20
92269 1036 5.047419378343676 1283885655 16 20
92269 1196 5.02325726645316 1283885418 11 20
92269 1198 5.096346822985407 1283901270 12 20
92269 1200 4.55504250154411 1283885906 34 20
92269 1210 3.575590596129659 1283885307 10 20
92269 1214 4.069280265598654 1283885588 33 20
92269 1240 4.040208605250311 1283885559 14 20
92269 1270 4.567546861534259 1283885366 13 20
92269 1291 3.008784368038804 1283885618 15 20
92269 1527 1.5010672135388325 1283885665 35 20
92269 1580 3.5732911604296476 1283885760 22 20
92269 1682 4.096039413387256 1283885697 47 20
92269 1721 4.050845385058771 1283885402 44 20
92269 2028 2.008966969755335 1283885285 27 20
92269 2115 4.542007159849435 1283885835 43 20
92269 2571 5.066545775114997 1283885463 23 20
92269 2628 2.0805229066039668 1283885469 25 20
92269 2716 4.536763272830528 1283885397 26 20
92269 2762 4.082787306091712 1283885352 24 20
92269 2858 4.569696109999126 1283885317 29 20
92269 2959 4.0356978370603915 1283885341 31 20
92269 3578 3.054526563971136 1283885477 28 20
92269 3793 3.580447294730311 1283885787 36 20
92269 4306 3.0229942265971115 1283885642 39 20
92269 4963 3.5576367350759015 1283885384 46 20
92269 4993 4.093030549275223 1283885280 37 20
92269 5349 4.038195787792997 1283885647 41 20
92269 5445 4.094559649612055 1283885295 40 20
92269 5952 4.546715699159668 1283885561 38 20
92269 6539 3.555912234854863 1283885585 45 20
92269 6874 3.543577737322744 1283885550 48 20
92269 7153 3.5850906721339215 1283885300 42 20
92616 1 3.553224964809179 1308946565 0 21
92616 32 4.001474347667999 1304021134 32 21
92616 47 4.543407669646558 1358344803 30 21
92616 110 3.570942902670635 1308610342 7 21
92616 260 4.594481668940025 1301671044 9 21
92616 296 4.0043819181495515 1308944331 3 21
92616 318 5.084083895761553 1301628964 6 21
92616 356 4.554666830522406 1308613143 1 21
92616 377 4.014228492999819 1358274422 17 21
92616 380 4.063746620109037 1358344790 21 21
92616 457 4.090590171313603 1358344761 20 21
92616 480 5.048743443530428 1301602770 2 21
92616 589 4.057074211973489 1308522414 5 21
92616 592 3.008243160469675 1309379814 18 21
92616 593 4.013910998489385 1308944047 4 21
92616 648 3.0319235158910445 1308946597 19 21
92616 733 4.02432342554996 1308944200 49 21
92616 780 4.031340447290108 1308944359 8 21
92616 1036 4.048971511407739 1301602366 16 21
92616 1196 4.549967184501049 1301671059 11 21
92616 1198 4.506697708114594 1301602706 12 21
92616 1200 4.579281564937749 1301601460 34 21
92616 1210 4.5439278233003995 1301671054 10 21
92616 1214 4.592267015827299 1301601442 33 21
92616 1240 4.007749939960664 1309043227 14 21
92616 1270 4.024887593413862 1308522776 13 21
92616 1291 4.559883081686802 1301602700 15 21
92616 1527 4.509546579228194 1301671572 35 21
92616 1580 4.063271148479732 1301603014 22 21
92616 1682 4.508278627456114 1308946886 47 21
92616 1721 4.0887493756727356 1308944035 44 21
92616 2028 4.024646679733205 1358280527 27 21
92616 2115 4.5887276943850965 1301602707 43 21
92616 2571 4.507501009583136 1314736821 23 21
92616 2628 4.540840523103035 1301671039 25 21
92616 2716 4.056861825714919 1358365324 26 21
92616 2762 5.072145751668635 1358351156 24 21
92616 2858 4.5371402608606495 1304195785 29 21
92616 2959 4.548971785570307 1301602487 31 21
92616 3578 4.546781386700053 1301602557 28 21
92616 3793 4.013698753519364 1302388509 36 21
92616 4306 4.058771975823082 1358364788 39 21
92616 4963 4.518264772873494 1303307865 46 21
92616 4993 5.0669286430884295 1301602953 37 21
92616 5349 3.5762292037899215 1302388538 41 21
92616 5445 3.555462119678952 1301603032 40 21
92616 5952 5.062850070461112 1301602958 38 21
92616 6539 4.571322026285822 1301603209 45 21
92616 6874 4.074541584043529 1309380707 48 21
92616 7153 5.0147891056021 1301602948 42 21
92956 1 5.09474306277259 1105585005 0 22
92956 32 5.053139675158534 1105585015 32 22
92956 47 5.064429364995603 1105585057 30 22
92956 110 4.51195712401452 1105584986 7 22
92956 260 4.572047491933909 1105584993 9 22
92956 296 5.014699560638788 1105584969 3 22
92956 318 5.019656785890811 1105584988 6 22
92956 356 4.526368490142979 1105584973 1 22
92956 377 4.087950584633766 1105585022 17 22
92956 380 3.037266499406012 1105584996 21 22
92956 457 4.090996241578729 1105584977 20 22
92956 480 4.504407876771153 1105584975 2 22
92956 589 4.0836557208917466 1105585001 5 22
92956 592 3.0084202381584695 1105584981 18 22
92956 593 5.010325836087256 1105584972 4 22
92956 648 3.5234741287005784 1105585036 19 22
92956 733 4.56624436745034 1105585073 49 22
92956 780 2.5921014032941336 1105585003 8 22
92956 1036 5.038466777273542 1105585234 16 22
92956 1196 5.001782798890015 1105585054 11 22
92956 1198 5.06350948169756 1105585068 12 22
92956 1200 5.033931272865389 1105585257 34 22
92956 1210 4.0234390966354505 1105585010 10 22
92956 1214 5.072868731065399 1105585227 33 22
92956 1240 5.0191598531631865 1105585204 14 22
92956 1270 5.082444359992196 1105585071 13 22
92956 1291 4.506615360316543 1105585239 15 22
92956 1527 3.049618614864197 1105585312 35 22
92956 1580 3.016401657173526 1105585198 22 22
92956 1682 4.536509058202152 1105585582 47 22
92956 1721 4.031238060590346 1105585194 44 22
92956 2028 4.576439425827612 1105585115 27 22
92956 2115 3.5026515843783494 1105585621 43 22
92956 2571 5.056886190155125 1105585122 23 22
92956 2628 4.08345282554366 1105585217 25 22
92956 2716 4.566567185640873 1105585254 26 22
92956 2762 4.55070991168216 1105585203 24 22
92956 2858 4.55237334125853 1105585078 29 22
92956 2959 5.022867010230324 1105585368 31 22
92956 3578 4.522102829681621 1105585301 28 22
92956 3793 4.010566083060322 1105585548 36 22
92956 4306 4.578984478794451 1105585563 39 22
92956 4963 4.559488257843915 1105586309 46 22
92956 4993 5.009527185514408 1105585591 37 22
92956 5349 4.5322386686515514 1105586160 41 22
92956 5445 5.0714453576053025 1105586226 40 22
92956 5952 5.075497963551892 1105586095 38 22
92956 6539 5.057369740592272 1105586955 45 22
92956 6874 4.5850068131698505 1105588512 48 22
92956 7153 5.028314955867658 1105587128 42 22
96859 1 3.5741974991809995 1108544446 0 23
96859 32 4.5480880397761885 1108544465 32 23
96859 47 3.088291172813327 1108544773 30 23
96859 110 3.5624269938887188 1108544418 7 23
96859 260 3.0188826080718396 1108544422 9 23
96859 296 4.0248437854584145 1108544362 3 23
96859 318 3.502072745246244 1108544429 6 23
96859 356 3.52223354311118 1108544376 1 23
96859 377 2.5310555384690687 1108544474 17 23
96859 380 3.5548022289055448 1108544437 21 23
96859 457 3.5149202349576862 1108544389 20 23
96859 480 3.0819883598763407 1108544380 2 23
96859 589 4.063728154557746 1108544440 5 23
96859 592 3.0284612078346114 1108544392 18 23
96859 593 3.5056479490376313 1108544365 4 23
96859 648 3.0024020135139065 1108544760 19 23
96859 733 2.5847507774480176 1108544808 49 23
96859 780 3.0086407031430995 1108544443 8 23
96859 1036 4.056667680657424 1108545714 16 23
96859 1196 3.0977792040649916 1108544493 11 23
96859 1198 4.509071846354644 1108544790 12 23
96859 1200 4.053325867486156 1108545678 34 23
96859 1210 3.063629470303638 1108544455 10 23
96859 1214 4.543106260914305 1108545649 33 23
96859 1240 4.088519610133357 1108545883 14 23
96859 1270 3.5202935018620054 1108544803 13 23
96859 1291 3.512553099981057 1108546290 15 23
96859 1527 4.004888739384002 1108547794 35 23
96859 1580 3.0483360225742615 1108545637 22 23
96859 1682 3.5897634645199026 1108548688 47 23
96859 1721 3.50725905837504 1108545630 44 23
96859 2028 4.008286686252898 1108545018 27 23
96859 2115 2.0911369778998816 1108543478 43 23
96859 2571 2.517459022412238 1108545549 23 23
96859 2628 1.5244448153225105 1108546264 25 23
96859 2716 4.509003842146018 1108546417 26 23
96859 2762 3.586356156886877 1108546228 24 23
96859 2858 4.007197281077903 1108545502 29 23
96859 2959 2.0579692643453438 1108547565 31 23
96859 3578 3.5956949281227235 1108546535 28 23
96859 3793 2.592412371457388 1108543443 36 23
96859 4306 3.083322157845759 1108543423 39 23
96859 4963 3.074994690641363 1108550493 46 23
96859 4993 2.5765258094854984 1108543482 37 23
96859 5349 3.501137611575235 1108549459 41 23
96859 5445 3.0269977599354996 1108550253 40 23
96859 5952 2.5496513410099437 1108545400 38 23
96859 6539 3.0969601063450707 1108551840 45 23
96859 6874 3.545269887257394 1108544610 48 23
96859 7153 3.035996954358075 1108545397 42 23
103654 1 5.038912239108805 1149087397 0 24
103654 32 5.097478038041852 1149087410 32 24
103654 47 4.52714231658492 1149087448 30 24
103654 110 4.061676614403165 1149087150 7 24
103654 260 5.041134594914868 1149087386 9 24
103654 296 5.014439204928725 1149087361 3 24
103654 318 5.015976039406925 1149087373 6 24
103654 356 4.504292960805453 1149085223 1 24
103654 377 3.5704018676813662 1149087415 17 24
103654 380 4.027346573812173 1149087394 21 24
103654 457 3.500952301751892 1149087368 20 24
103654 480 4.004199094452349 1149087365 2 24
103654 589 4.046213170191038 1149087390 5 24
103654 592 3.5290295422747686 1149087376 18 24
103654 593 4.5617693589029376 1149087169 4 24
103654 648 3.5425743178759244 1149087419 19 24
103654 733 3.5949896748959507 1149087479 49 24
103654 780 3.5660305238399386 1149087399 8 24
103654 1036 5.095686507997774 1149087627 16 24
103654 1196 5.022563369779594 1149087427 11 24
103654 1198 5.0959315994521255 1149087456 12 24
103654 1200 5.028610722954697 1149087651 34 24
103654 1210 5.069393574678564 1149087406 10 24
103654 1214 5.033832953922145 1149085219 33 24
103654 1240 3.5278062570575663 1149087576 14 24
103654 1270 4.030870530885182 1149087464 13 24
103654 1291 5.054411846363768 1149087625 15 24
103654 1527 4.091292941751647 1149087674 35 24
103654 1580 3.5333326219362036 1149087555 22 24
103654 1682 4.028023324776683 1149087849 47 24
103654 1721 3.527666378880856 1149087232 44 24
103654 2028 5.023691583622308 1149086866 27 24
103654 2115 4.061337075404437 1149087862 43 24
103654 2571 5.062843436961583 1149087474 23 24
103654 2628 3.077088691564954 1149087605 25 24
103654 2716 4.091083040121952 1149087645 26 24
103654 2762 4.53615464909899 1149087532 24 24
103654 2858 4.530018349001132 1149087180 29 24
103654 2959 5.049762666275354 1149087665 31 24
103654 3578 3.589926231365096 1149087148 28 24
103654 3793 3.507260311863346 1149087753 36 24
103654 4306 4.043340638287224 1149087705 39 24
103654 4963 4.5270587040722665 1149088166 46 24
103654 4993 5.013676910905874 1149087713 37 24
103654 5349 5.090056695986678 1149085253 41 24
103654 5445 3.5543906874422646 1149087934 40 24
103654 5952 5.00870714047487 1149087794 38 24
103654 6539 4.052933873551495 1155889128 45 24
103654 6874 4.094617520462279 1149088539 48 24
103654 7153 5.019527758428439 1149087159 42 24
113209 1 3.5647612290916624 1105006714 0 25
113209 32 3.540354044846111 1176108917 32 25
113209 47 4.027601288252655 1079689633 30 25
113209 110 4.583795046631851 1079603238 7 25
113209 260 5.095970642264535 1175869388 9 25
113209 296 4.532224977731263 1079612533 3 25
113209 318 4.5339404479586385 1176116525 6 25
113209 356 4.571516335568432 1079607726 1 25
113209 377 4.063996108957725 1079603432 17 25
113209 380 3.581637780250236 1079612557 21 25
113209 457 3.5801776823515907 1079603343 20 25
113209 480 4.065630350548357 1079603423 2 25
113209 589 4.55542079243941 1079603211 5 25
113209 592 4.027271220118141 1079603232 18 25
113209 593 4.072080976885967 1079612530 4 25
113209 648 4.045690097740507 1079603592 19 25
113209 733 3.590628421405209 1079603327 49 25
113209 780 4.098867802131894 1079603726 8 25
113209 1036 4.0064171359108265 1079603222 16 25
113209 1196 5.058713613761789 1079602882 11 25
113209 1198 4.501019464608713 1079602878 12 25
113209 1200 5.083015076950885 1079602843 34 25
113209 1210 5.065892553092025 1176117155 10 25
113209 1214 4.582878345083865 1079602868 33 25
113209 1240 4.58728211488381 1079602858 14 25
113209 1270 3.5798058497513763 1079608386 13 25
113209 1291 4.0126236540191345 1079603254 15 25
113209 1527 4.031407616766995 1079603279 35 25
113209 1580 3.5603459330358755 1079603348 22 25
113209 1682 3.5820505657596597 1079691195 47 25
113209 1721 1.0230745849492509 1079613122 44 25
113209 2028 4.529146386853886 1079686985 27 25
113209 2115 4.0610126978468095 1079603385 43 25
113209 2571 5.04325169794277 1079603222 23 25
113209 2628 3.5781218653104134 1176108481 25 25
113209 2716 3.5004765517598653 1079608328 26 25
113209 2762 3.0991269321481965 1079612402 24 25
113209 2858 4.028177731455061 1176109577 29 25
113209 2959 4.071599070478031 1079612604 31 25
113209 3578 4.572742043730728 1079603245 28 25
113209 3793 4.050938409850312 1079603263 36 25
113209 4306 3.5036374007600806 1109365375 39 25
113209 4963 3.0971366490054764 1228597548 46 25
113209 4993 5.046154698797852 1103623448 37 25
113209 5349 3.5951449700040086 1079603287 41 25
113209 5445 3.500200831099156 1079603428 40 25
113209 5952 5.025643862798888 1079610615 38 25
113209 6539 3.5738285193199704 1102333585 45 25
113209 6874 4.595834387467505 1176116201 48 25
113209 7153 5.004199504140279 1079602839 42 25
113632 1 3.083131144868285 1288397159 0 26
113632 32 4.0192968833886145 1288397235 32 26
113632 47 4.507030667917369 1288397346 30 26
113632 110 3.036735027100112 1288397204 7 26
113632 260 4.00122492868437 1288397270 9 26
113632 296 3.5602874813464003 1288397123 3 26
113632 318 3.5423625966420302 1288397066 6 26
113632 356 2.5018942470226584 1288397313 1 26
113632 377 3.053755645514243 1288397262 17 26
113632 380 3.0812523672722416 1288397395 21 26
113632 457 3.0313260459459164 1288397185 20 26
113632 480 2.5320614734126794 1288397059 2 26
113632 589 4.594387038661293 1288397069 5 26
113632 592 3.519760984160865 1288397455 18 26
113632 593 4.026126873776695 1288397099 4 26
113632 648 2.0092202119529334 1288397255 19 26
113632 733 3.0086053137468123 1288397410 49 26
113632 780 1.0378528129785236 1288397387 8 26
113632 1036 4.071504784143024 1289066897 16 26
113632 1196 4.012668187991881 1288397133 11 26
113632 1198 3.584894073230396 1288397286 12 26
113632 1200 3.5024239382478504 1289066928 34 26
113632 1210 3.5500207283311735 1288397095 10 26
113632 1214 3.5408023030354747 1288397737 33 26
113632 1240 4.029567376373112 1288397468 14 26
113632 1270 3.0412361388592166 1288397207 13 26
113632 1291 2.5752412866066425 1288397583 15 26
113632 1527 2.079353383092363 1288397544 35 26
113632 1580 2.0117447635166927 1288397217 22 26
113632 1682 2.5210228961318504 1289066978 47 26
113632 1721 2.5288163909293027 1288397308 44 26
113632 2028 1.589247129898563 1288397225 27 26
113632 2115 1.5727269166011033 1289067020 43 26
113632 2571 3.578082846578517 1288397187 23 26
113632 2628 1.040973320208625 1288397243 25 26
113632 2716 3.5993438117629117 1288397408 26 26
113632 2762 3.001481432001091 1288397182 24 26
113632 2858 3.016866238052966 1288397063 29 26
113632 2959 4.090312587403093 1288397211 31 26
113632 3578 2.5037890846309723 1288397145 28 26
113632 3793 3.0447399489797777 1288397372 36 26
113632 4306 2.549932190002257 1288397141 39 26
113632 4963 2.0656855162842827 1288397237 46 26
113632 4993 3.5729482725230355 1288397193 37 26
113632 5349 3.018116473452253 1288397369 41 26
113632 5445 2.510043474735195 1288397171 40 26
113632 5952 2.5832604890665873 1288397164 38 26
113632 6539 2.022807981510746 1288397136 45 26
113632 6874 3.5645276908829837 1288397643 48 26
113632 7153 2.5833453275312137 1288397284 42 26
118205 1 4.061131734431048 997044423 0 27
118205 32 4.099253505847301 997056678 32 27
118205 47 4.098871864192845 997047595 30 27
118205 110 5.093209927658599 997038454 7 27
118205 260 4.04253835501938 997046223 9 27
118205 296 4.5937062695270185 1078176663 3 27
118205 318 4.02389347670227 997055765 6 27
118205 356 4.0931672627852596 997045298 1 27
118205 377 4.043063040836326 997120024 17 27
118205 380 4.021834395834357 997046738 21 27
118205 457 4.044989774396725 997046355 20 27
118205 480 3.091950835294586 997035038 2 27
118205 589 4.076539892345902 997046291 5 27
118205 592 4.08707106964303 997037169 18 27
118205 593 4.028673379005701 997055858 4 27
118205 648 4.018146019134344 997119609 19 27
118205 733 4.04355887620375 997121802 49 27
118205 780 4.050769080467607 997121002 8 27
118205 1036 4.078690382882303 997041539 16 27
118205 1196 4.065747972399508 997042400 11 27
118205 1198 4.086907729376508 997046223 12 27
118205 1200 3.0943169667777575 997035848 34 27
118205 1210 4.016125606008745 997046355 10 27
118205 1214 4.003626423830547 997035848 33 27
118205 1240 4.012356455892504 997046291 14 27
118205 1270 4.032245662612537 997036936 13 27
118205 1291 4.064577180796388 997046667 15 27
118205 1527 4.024478850558344 997143426 35 27
118205 1580 4.012127548716169 997120858 22 27
118205 1682 3.0173016224464773 997117880 47 27
118205 1721 4.046615369428892 997117664 44 27
118205 2028 5.036671723742927 997055948 27 27
118205 2115 4.098560026450193 997128382 43 27
118205 2571 4.078298678375653 997046291 23 27
118205 2628 4.545106686549065 1054406467 25 27
118205 2716 4.011713752773938 997044634 26 27
118205 2762 5.024291298514719 997121447 24 27
118205 2858 4.008065619792706 997036033 29 27
118205 2959 3.067253650758194 997056545 31 27
118205 3578 4.035018750202201 997046355 28 27
118205 3793 4.076307178693218 997120815 36 27
118205 4306 4.014745482354874 997046103 39 27
118205 4963 3.540914009718213 1195501350 46 27
118205 4993 4.035024752304882 1020904441 37 27
118205 5349 4.077546146214894 1021662346 41 27
118205 5445 4.050290054084656 1024860360 40 27
118205 5952 5.069822631342092 1043601403 38 27
118205 6539 4.090771218283936 1070821577 45 27
118205 6874 4.034538062760537 1082250936 48 27
118205 7153 4.576849657448231 1071863925 42 27
134352 1 4.557211990394743 1112739102 0 28
134352 32 4.018482143738361 1112732595 32 28
134352 47 4.524601520876951 1112732593 30 28
134352 110 4.076628174061358 1112732637 7 28
134352 260 4.099041661944064 1112724869 9 28
134352 296 5.032672174316958 1112658729 3 28
134352 318 4.078551453001339 1112658513 6 28
134352 356 4.593080312646308 1112732733 1 28
134352 377 3.0668005729648935 1232313419 17 28
134352 380 4.09308495455959 1232313394 21 28
134352 457 3.555789202743242 1232313374 20 28
134352 480 4.092990870168655 1232313369 2 28
134352 589 4.594025346804042 1112732622 5 28
134352 592 4.03188118723349 1232314834 18 28
134352 593 3.534377774534344 1112658802 4 28
134352 648 3.02051211950413 1232313424 19 28
134352 733 4.048648189400062 1112892778 49 28
134352 780 3.0165411357912553 1232313389 8 28
134352 1036 4.000031055042866 1112739084 16 28
134352 1196 5.05534823834056 1112658869 11 28
134352 1198 3.565965489132791 1112658533 12 28
134352 1200 4.027703905811094 1112735932 34 28
134352 1210 4.05537262071933 1112724941 10 28
134352 1214 3.508544333945078 1112658909 33 28
134352 1240 4.053630163267248 1232313549 14 28
134352 1270 4.575139342103098 1112732628 13 28
134352 1291 4.035661532658657 1112732615 15 28
134352 1527 4.51889827278556 1232314694 35 28
134352 1580 4.055683076714081 1112736420 22 28
134352 1682 3.5980767876519586 1112740376 47 28
134352 1721 3.042197171680111 1232313523 44 28
134352 2028 4.0377026402238165 1112738789 27 28
134352 2115 4.011842712365169 1112733240 43 28
134352 2571 5.078565665802163 1112724885 23 28
134352 2628 3.50712024001066 1232313564 25 28
134352 2716 4.02189785905801 1112735999 26 28
134352 2762 4.059147564188976 1112736540 24 28
134352 2858 4.019839311120492 1112736521 29 28
134352 2959 5.029065879679424 1112728085 31 28
134352 3578 4.542721446986432 1112732681 28 28
134352 3793 4.098137179813213 1112725134 36 28
134352 4306 4.068631993801345 1112732618 39 28
134352 4963 4.583519485116603 1112732664 46 28
134352 4993 5.024732017410638 1112658918 37 28
134352 5349 4.048315667683887 1112732730 41 28
134352 5445 4.0759000254023565 1112732659 40 28
134352 5952 5.089501262031468 1112658825 38 28
134352 6539 4.045497054694802 1232314885 45 28
134352 6874 4.005703616660503 1232314917 48 28
134352 7153 5.030671258820925 1112658726 42 28
137686 1 5.0216558521975765 899399283 0 29
137686 32 4.080917938539233 899414873 32 29
137686 47 5.0906285964300135 899399588 30 29
137686 110 4.509798511565972 1097689234 7 29
137686 260 5.061152522543895 899398480 9 29
137686 296 5.023361265420479 897760849 3 29
137686 318 5.084517349050435 899415072 6 29
137686 356 4.090285308842044 899400038 1 29
137686 377 4.007812746898316 899398654 17 29
137686 380 4.054763942639061 899398448 21 29
137686 457 4.084684791624125 899398375 20 29
137686 480 4.027245261626743 899398654 2 29
137686 589 5.097350104047697 899398448 5 29
137686 592 4.05348855597259 899398654 18 29
137686 593 5.009419093967608 899414937 4 29
137686 648 3.0455876564029767 899398654 19 29
137686 733 4.075727434662895 899398448 49 29
137686 780 3.5229226812062437 1077078052 8 29
137686 1036 4.599229688981353 1076987918 16 29
137686 1196 5.075804110253684 899398342 11 29
137686 1198 5.061187583699166 899398342 12 29
137686 1200 5.0426531247652004 899398375 34 29
137686 1210 4.5861356433968075 1076987863 10 29
137686 1214 5.019360859453401 899398409 33 29
137686 1240 5.052234710920359 899398342 14 29
137686 1270 4.5714202857205235 1097689351 13 29
137686 1291 4.012919951021225 897760988 15 29
137686 1527 4.0122045634729 899398540 35 29
137686 1580 4.037642914940526 899398509 22 29
137686 1682 4.539616610071822 1097689380 47 29
137686 1721 4.045388714761285 923847649 44 29
137686 2028 5.016429387775461 902957515 27 29
137686 2115 4.047808994596167 901598841 43 29
137686 2571 4.549587338992585 1097689370 23 29
137686 2628 3.5433995969885497 1076988035 25 29
137686 2716 4.005224831813315 940038358 26 29
137686 2762 4.013503504126987 939939839 24 29
137686 2858 5.041252916909954 939939839 29 29
137686 2959 5.068680248871441 941687516 31 29
137686 3578 4.048634745733808 958026770 28 29
137686 3793 4.096138794279528 969489546 36 29
137686 4306 4.060076017442794 1006855212 39 29
137686 4963 4.074110207182494 1022441653 46 29
137686 4993 5.054628489095165 1010478062 37 29
137686 5349 4.056771736821974 1022441274 41 29
137686 5445 4.578910453208303 1076987909 40 29
137686 5952 5.043501639685369 1051387825 38 29
137686 6539 4.063944161164155 1077042931 45 29
137686 6874 4.570798995283584 1087240639 48 29
137686 7153 5.059883184972154 1077042873 42 29
