Constant Sample Size 1:
Opt_avg = 227.76501234569133
Opt_var = 0
OptEq_avg = 215.8361333055021
OptEq_var = 0
Direct Learning:
Utility_avg = 172.9200563464344 177.250256825141 184.15875236605166 194.64718157261913 202.55878434034096 207.9708755785225 208.90104900454992 208.9355535727109 208.9355535727109 208.9355535727109 
Utility_var = 1.8944171214775207 3.581742549807374 10.236347973886339 10.450336092336963 4.779623696842642 1.629977374216524 0.08198502693439985 3.2638123917022874e-27 3.2638123917022874e-27 3.2638123917022874e-27 
Consistency_avg = 1.0 1.0 1.0 1.0 1.0 1.0 1.0 1.0 1.0 1.0 
Consistency_var = 0.0 0.0 0.0 0.0 0.0 0.0 0.0 0.0 0.0 0.0 
Loss_avg = 0.88063 0.7773500000000001 0.6029100000000001 0.36658999999999997 0.13364000000000004 0.01547 0.00075 0.0 0.0 0.0 
Loss_var = 0.00025274050505050554 0.0007173207070707073 0.002033779696969697 0.003429193838383838 0.0017133640404040403 0.0003423526262626263 1.915909090909091e-05 0.0 0.0 0.0 
Envy_avg = 0.0 0.0 0.0 0.0 0.0 0.0 0.0 0.0 0.0 0.0 
Envy_var = 0.0 0.0 0.0 0.0 0.0 0.0 0.0 0.0 0.0 0.0 
Burnt_avg = 0.0 0.0 0.0 0.0 0.0 0.0 0.0 0.0 0.0 0.0 
Burnt_var = 0.0 0.0 0.0 0.0 0.0 0.0 0.0 0.0 0.0 0.0 
Indirect Learning
Utility_avg = 172.91499223533495 177.93683113565592 186.27340856119022 197.61926651328494 209.22672869553998 215.0314372250185 215.80050924497226 215.81861396910182 215.81832292131978 215.81444631709525 
Utility_var = 1.6965450737557832 3.0925257772356063 7.740542714307233 11.654872803724627 6.41536448153508 1.1343071689234516 0.026405118852541862 0.00013024364790250502 0.0001308016439681504 0.00011611317939064048 

Constant Sample Size 3:
Opt_avg = 227.76501234569133
Opt_var = 0
OptEq_avg = 215.8361333055021
OptEq_var = 0
Direct Learning:
Utility_avg = 169.78153150582995 162.71095168142435 147.68925424532014 137.2887672436782 137.17810093526398 145.17238034452376 152.00344936828458 155.87324858528913 156.90170874147717 159.5002209573534 
Utility_var = 25.840186613845486 35.184146682425904 86.64500225128113 134.7444325950561 123.25333440864536 120.03404161648001 115.76865978208014 114.49545315490407 84.8747435967531 103.83445471128321 
Consistency_avg = 1.0 1.0 1.0 1.0 1.0 1.0 1.0 1.0 1.0 1.0 
Consistency_var = 0.0 0.0 0.0 0.0 0.0 0.0 0.0 0.0 0.0 0.0 
Loss_avg = 0.8760099999999998 0.67826 0.37845 0.14529999999999998 0.03803 0.010029999999999999 0.005840000000000001 0.0029400000000000003 0.0011600000000000002 0.0005200000000000001 
Loss_var = 0.0016286362626262638 0.0032071640404040406 0.0038354419191919203 0.0032044141414141417 0.0009287566666666664 0.00011582737373737376 5.021656565656566e-05 1.0198383838383837e-05 1.974141414141414e-06 1.01979797979798e-06 
Envy_avg = 0.0 0.01 0.09 0.25 0.62 0.94 0.8 0.62 0.38 0.2 
Envy_var = 0.0 0.009999999999999998 0.08272727272727277 0.3106060606060606 0.6622222222222222 1.0872727272727272 0.8282828282828284 0.6218181818181817 0.39959595959595967 0.24242424242424243 
Burnt_avg = 1.5 4.06 8.71 12.39 13.27 12.16 11.12 10.58 10.64 10.16 
Burnt_var = 0.43434343434343436 1.1680808080808083 3.1170707070707078 5.1089898989899 5.007171717171718 4.721616161616162 4.4703030303030316 4.306666666666667 3.04080808080808 3.691313131313131 
Indirect Learning
Utility_avg = 176.78356594130358 184.60726831554763 197.24407347313104 213.19452408159216 215.6856958131524 215.81727959147275 215.81761274515495 215.81780289396508 215.81926584428922 215.81721266414587 
Utility_var = 3.6852159023080717 5.374641456170124 7.085478849614597 5.291823714231555 0.2794660431422855 0.00012387546801207334 0.00013804993172756203 0.00012997627184538007 0.00014492517787423697 0.0001372203264107078 

Constant Sample Size 5:
Opt_avg = 227.76501234569133
Opt_var = 0
OptEq_avg = 215.8361333055021
OptEq_var = 0
Direct Learning:
Utility_avg = 164.6192247375852 158.43760057052467 147.59582664682202 137.54660727378175 129.43483415980103 131.30855801020948 139.09201711084418 144.4783461069446 149.3214629865316 156.06754846838314 
Utility_var = 36.433052371228484 43.545088895449446 54.6517340232758 49.192597019256254 50.049481698300426 91.18639933821551 73.885830356975 96.34452434316091 87.64281422942628 112.59338770756209 
Consistency_avg = 1.0 1.0 1.0 1.0 1.0 1.0 1.0 1.0 1.0 1.0 
Consistency_var = 0.0 0.0 0.0 0.0 0.0 0.0 0.0 0.0 0.0 0.0 
Loss_avg = 0.7229800000000002 0.49213 0.26854999999999996 0.12178000000000001 0.03644 0.007480000000000001 0.00217 0.0010400000000000001 0.0006900000000000001 0.00034 
Loss_var = 0.004710464242424241 0.006003548585858586 0.004168795454545453 0.0017987793939393938 0.0005052993939393939 0.00010651474747474747 8.970808080808079e-06 2.0185858585858586e-06 1.3877777777777777e-06 5.4989898989899e-07 
Envy_avg = 0.0 0.0 0.0 0.0 0.01 0.04 0.05 0.08 0.05 0.08 
Envy_var = 0.0 0.0 0.0 0.0 0.009999999999999998 0.03878787878787879 0.047979797979797977 0.07434343434343434 0.047979797979797977 0.07434343434343435 
Burnt_avg = 2.38 4.96 8.51 11.66 14.0 14.06 12.51 11.77 11.0 9.89 
Burnt_var = 0.4602020202020202 1.0084848484848483 1.888787878787879 2.226666666666667 2.525252525252525 4.905454545454545 3.848383838383839 4.300101010101011 3.696969696969697 4.684747474747474 
Indirect Learning
Utility_avg = 178.96112001977133 188.08722091902814 199.87818684726207 215.5988670453129 215.81925987674276 215.817025365896 215.81742447376618 215.8167528790777 215.81850880906754 215.81681961564558 
Utility_var = 3.9437451479719225 6.209776677692569 5.537849480062135 0.4272051641811149 0.00012958364599592769 0.00013373815043453714 0.00011820827158195277 0.00012637770701786678 0.00013439763850325964 0.00012881747813458846 

Constant Sample Size 7:
Opt_avg = 227.76501234569133
Opt_var = 0
OptEq_avg = 215.8361333055021
OptEq_var = 0
Direct Learning:
Utility_avg = 160.7123211054308 153.13676357811363 144.53869083162115 139.2809680880642 131.19229467638135 127.94674428866338 130.06209123870804 137.48206959422745 141.99460243456718 146.2850056555864 
Utility_var = 24.537389988477962 43.095374075441526 51.517245333489406 52.94451286533811 52.76846963063597 67.37903372347368 153.8097012526675 158.13311778065975 84.6365194894938 101.69047447544499 
Consistency_avg = 1.0 1.0 1.0 1.0 1.0 1.0 1.0 1.0 1.0 1.0 
Consistency_var = 0.0 0.0 0.0 0.0 0.0 0.0 0.0 0.0 0.0 0.0 
Loss_avg = 0.58623 0.3607200000000001 0.19077 0.10664 0.04547 0.01691 0.0034500000000000004 0.00084 0.00042 0.00024 
Loss_var = 0.005432542525252524 0.006922163232323233 0.0025770475757575764 0.0012205761616161613 0.0005227970707070707 0.00015066858585858586 1.822979797979798e-05 1.7721212121212123e-06 1.0541414141414141e-06 2.8525252525252534e-07 
Envy_avg = 0.0 0.0 0.0 0.0 0.0 0.0 0.0 0.0 0.0 0.01 
Envy_var = 0.0 0.0 0.0 0.0 0.0 0.0 0.0 0.0 0.0 0.009999999999999998 
Burnt_avg = 2.74 5.11 7.82 10.07 12.83 14.35 14.5 13.39 12.63 11.96 
Burnt_var = 0.3761616161616161 1.2302020202020205 1.361212121212121 1.6617171717171713 2.081919191919192 2.4116161616161613 5.808080808080808 6.664545454545454 4.195050505050505 5.755959595959595 
Indirect Learning
Utility_avg = 180.6769582287872 189.6257630724866 201.34799150408628 215.7807287804896 215.81802346049773 215.8174672656138 215.8184597699383 215.81986026061756 215.81911721876182 215.81890063631553 
Utility_var = 4.775323956138114 6.970049774148402 5.129226042781158 0.06433998826945792 0.00012297628439907299 0.00013015133810314667 0.0001383577407045652 0.00012834777490051532 0.0001434017179724976 0.00012619205899848298 

Constant Sample Size 10:
Opt_avg = 227.76501234569133
Opt_var = 0
OptEq_avg = 215.8361333055021
OptEq_var = 0
Direct Learning:
Utility_avg = 158.53481696091126 152.78699133759983 144.7440839284053 138.14452140957627 132.9292222587493 128.6213149654469 124.30535180867003 121.65767678140384 118.55974321155982 124.15944523236398 
Utility_var = 17.984525788802955 29.397964814313145 34.87205815898814 37.994551378627996 29.591433566918035 31.18351208804169 47.82359812849791 90.0997443737773 167.14733316346306 350.07926033988076 
Consistency_avg = 1.0 1.0 1.0 1.0 1.0 1.0 1.0 1.0 1.0 1.0 
Consistency_var = 0.0 0.0 0.0 0.0 0.0 0.0 0.0 0.0 0.0 0.0 
Loss_avg = 0.43912 0.26758000000000004 0.13634 0.06559 0.03285999999999999 0.01677 0.007890000000000001 0.0036800000000000005 0.0014000000000000002 0.00042000000000000007 
Loss_var = 0.008574753131313131 0.006708852121212122 0.00272976202020202 0.0009041231313131314 0.00023480848484848483 6.506777777777779e-05 3.6805959595959596e-05 1.0765252525252524e-05 1.9999999999999995e-06 8.723232323232324e-07 
Envy_avg = 0.0 0.0 0.0 0.0 0.0 0.0 0.0 0.0 0.0 0.0 
Envy_var = 0.0 0.0 0.0 0.0 0.0 0.0 0.0 0.0 0.0 0.0 
Burnt_avg = 2.85 4.49 6.54 8.6 10.39 11.97 13.52 14.53 15.59 14.85 
Burnt_var = 0.45202020202020204 0.8988888888888887 1.220606060606061 1.3939393939393943 1.2504040404040409 1.1607070707070706 1.7874747474747472 3.1809090909090907 5.860505050505051 13.401515151515152 
Indirect Learning
Utility_avg = 182.70831399290677 192.19320467218898 202.12929956243653 215.81783483829244 215.81883970267575 215.81565886285506 215.81651034651728 215.818477395446 215.81987517755974 215.81864287477063 
Utility_var = 5.628280599508579 9.371990237004233 5.30290240860718 0.00014175055099130106 0.0001493406315966946 0.0001275117688354831 0.00012984425141326643 0.00012695761714213367 0.00016075324710830682 0.00011674081276753062 

Uniform Product Distribution:
Opt_avg = 227.76501234569133
Opt_var = 0
OptEq_avg = 215.8361333055021
OptEq_var = 0
Direct Learning:
Utility_avg = 159.43092707322137 156.25822745441093 152.03374258797623 148.19823264024186 143.50131782092947 139.72828375992324 136.57243722413085 132.4621605754653 130.24637924461348 127.03017789128475 
Utility_var = 9.029752485697415 10.689904858629385 12.220997682520897 16.714416451693126 13.512812594113514 16.6861481578292 18.46313634827857 13.721067489042426 11.888823392893118 9.214384573172806 
Consistency_avg = 1.0 1.0 1.0 1.0 1.0 1.0 1.0 1.0 1.0 1.0 
Consistency_var = 0.0 0.0 0.0 0.0 0.0 0.0 0.0 0.0 0.0 0.0 
Loss_avg = 0.21398000000000006 0.13284 0.0673 0.03552 0.01645 0.008520000000000002 0.004730000000000001 0.0022400000000000002 0.0014800000000000002 0.00092 
Loss_var = 0.008554060202020201 0.004432277171717172 0.001612757575757576 0.0005601511111111111 0.00010528030303030302 3.366626262626263e-05 1.3492020202020201e-05 3.1539393939393943e-06 1.666262626262626e-06 1.0642424242424243e-06 
Envy_avg = 0.0 0.0 0.0 0.0 0.0 0.0 0.0 0.0 0.0 0.0 
Envy_var = 0.0 0.0 0.0 0.0 0.0 0.0 0.0 0.0 0.0 0.0 
Burnt_avg = 2.34 3.1 4.12 5.05 6.15 7.17 7.95 8.96 9.49 10.35 
Burnt_var = 0.3882828282828283 0.5151515151515151 0.6117171717171718 0.7954545454545454 0.6338383838383838 0.8495959595959595 0.7954545454545454 0.5438383838383837 0.515050505050505 0.43181818181818177 
Indirect Learning
Utility_avg = 184.84674408993905 193.42420500335382 203.5603201588371 215.81683621242334 215.81636140734096 215.82031769575002 215.81715513915836 215.81702796880785 215.81638587058362 215.8187911822342 
Utility_var = 8.608139243773733 9.79226869671552 4.808993003565795 0.00012853373259047029 0.0001297985871459769 0.00014008993888139907 0.0001177600815730171 0.00013592741629662327 0.00011144672375663092 0.00012434242930114817 

