Constant Sample Size 1:
Opt_avg = 168.9553762813366
Opt_var = 0
OptEq_avg = 160.78615363252996
OptEq_var = 0
Direct Learning:
Utility_avg = 127.35150918363117 130.49582998894934 137.9118383588002 147.29794048353034 155.6986587986288 159.16767619817838 159.42953193877656 159.42953193877656 159.42953193877656 159.42953193877656 
Utility_var = 1.7392797998592793 4.489721490512186 6.1599360969383214 9.805623427137226 7.646960021552546 0.6334870007257042 0.0 0.0 0.0 0.0 
Consistency_avg = 1.0 1.0 1.0 1.0 1.0 1.0 1.0 1.0 1.0 1.0 
Consistency_var = 0.0 0.0 0.0 0.0 0.0 0.0 0.0 0.0 0.0 0.0 
Loss_avg = 0.8445099999999998 0.7083199999999998 0.50631 0.25542 0.06314000000000002 0.00392 0.0 0.0 0.0 0.0 
Loss_var = 0.0004212423232323239 0.001059330909090909 0.0019725190909090904 0.0025012561616161613 0.002338101414141414 0.00013971070707070708 0.0 0.0 0.0 0.0 
Envy_avg = 0.0 0.0 0.0 0.0 0.0 0.0 0.0 0.0 0.0 0.0 
Envy_var = 0.0 0.0 0.0 0.0 0.0 0.0 0.0 0.0 0.0 0.0 
Burnt_avg = 0.0 0.0 0.0 0.0 0.0 0.0 0.0 0.0 0.0 0.0 
Burnt_var = 0.0 0.0 0.0 0.0 0.0 0.0 0.0 0.0 0.0 0.0 
Indirect Learning
Utility_avg = 127.53676238234888 132.58161439279777 140.55259327476807 150.41095899330733 158.10689119905956 160.61019889131245 160.79177295296452 160.79181983991435 160.7913994395777 160.7915701231579 
Utility_var = 1.5095800467064098 2.9361085827901037 5.967682772319833 6.051711088790429 4.702286982808305 0.3123836631891877 1.862732714831857e-05 1.70165165471382e-05 1.3134268515706503e-05 1.804487884216483e-05 

Constant Sample Size 3:
Opt_avg = 168.9553762813366
Opt_var = 0
OptEq_avg = 160.78615363252996
OptEq_var = 0
Direct Learning:
Utility_avg = 122.41920079865866 115.37405285432254 104.56938306538355 99.1240275822792 104.26708681103925 111.34084630930494 115.49744302836206 119.20370652257208 119.55181046776951 121.0734069628118 
Utility_var = 24.94267571641564 33.3366380414346 50.846957277707844 62.94772185076202 63.10598968036052 68.77926947851293 52.74501466680178 41.72167399447039 41.928029290414365 36.17379857677509 
Consistency_avg = 1.0 1.0 1.0 1.0 1.0 1.0 1.0 1.0 1.0 1.0 
Consistency_var = 0.0 0.0 0.0 0.0 0.0 0.0 0.0 0.0 0.0 0.0 
Loss_avg = 0.80342 0.54987 0.2738 0.08778999999999999 0.022169999999999995 0.011019999999999999 0.00544 0.0028400000000000005 0.00128 0.0005300000000000001 
Loss_var = 0.0021282258585858587 0.004762902121212121 0.0064500808080808075 0.002435581717171717 0.0002778596969696969 0.00011399959595959595 2.245090909090909e-05 9.105454545454546e-06 2.425858585858586e-06 7.364646464646462e-07 
Envy_avg = 0.0 0.0 0.02 0.2 0.29 0.35 0.27 0.21 0.11 0.07 
Envy_var = 0.0 0.0 0.019797979797979794 0.2626262626262626 0.36959595959595964 0.3914141414141415 0.2394949494949495 0.20797979797979801 0.09888888888888892 0.06575757575757575 
Burnt_avg = 1.79 4.34 7.33 9.23 8.83 7.73 7.05 6.55 6.69 6.48 
Burnt_var = 0.41000000000000003 1.1761616161616162 2.586969696969697 2.926363636363637 2.384949494949495 3.1687878787878794 2.330808080808081 1.8459595959595962 2.0140404040404043 1.8076767676767675 
Indirect Learning
Utility_avg = 131.39165459372816 139.01034704242394 150.665336640853 160.28931700515236 160.79190950143035 160.79152018656887 160.79220955758197 160.79147055500957 160.79153993819114 160.79115737582393 
Utility_var = 1.7904463086655613 4.024292097659567 2.878124460795705 0.6773192935298036 1.8693957796940062e-05 1.581363617686461e-05 1.7287992257033343e-05 1.9474127151755562e-05 1.836866430001863e-05 1.574946821617204e-05 

Constant Sample Size 5:
Opt_avg = 168.9553762813366
Opt_var = 0
OptEq_avg = 160.78615363252996
OptEq_var = 0
Direct Learning:
Utility_avg = 117.03563984875163 111.07034059335929 104.49992428933676 99.126800245184 97.9773941554286 102.79255722213689 108.29320585829868 114.82714763034625 119.24495871509237 121.89662622973918 
Utility_var = 22.812195516545984 54.174574460537656 52.65722856546051 60.36557212126027 68.02382489372351 68.5047468361045 87.93030470529398 66.38508251952695 28.244734279545856 10.529079886652726 
Consistency_avg = 1.0 1.0 1.0 1.0 1.0 1.0 1.0 1.0 1.0 1.0 
Consistency_var = 0.0 0.0 0.0 0.0 0.0 0.0 0.0 0.0 0.0 0.0 
Loss_avg = 0.6208 0.3750300000000001 0.19527000000000005 0.06788 0.02327 0.0033 0.0017000000000000001 0.0011300000000000001 0.00103 0.00033 
Loss_var = 0.0073525050505050486 0.00935998898989899 0.003775694040404041 0.0016439248484848483 0.0004622192929292928 2.2212121212121212e-05 3.989898989898991e-06 2.2556565656565655e-06 1.6657575757575763e-06 4.859595959595961e-07 
Envy_avg = 0.0 0.0 0.0 0.0 0.0 0.0 0.0 0.0 0.01 0.0 
Envy_var = 0.0 0.0 0.0 0.0 0.0 0.0 0.0 0.0 0.009999999999999998 0.0 
Burnt_avg = 2.57 4.87 7.26 9.42 10.33 9.69 8.58 7.4 6.51 6.25 
Burnt_var = 0.49 1.4273737373737372 1.568080808080808 2.0642424242424244 2.7687878787878777 3.508989898989898 4.953131313131313 3.676767676767677 1.5251515151515151 0.351010101010101 
Indirect Learning
Utility_avg = 133.53929946301466 141.9648161055455 152.28031047134525 160.771795808977 160.79103729112953 160.79188441714865 160.79109175611583 160.79141922672108 160.7916547404409 160.79072371927538 
Utility_var = 2.6127475771648134 5.370264235072158 3.0385097040082982 0.03831323147588383 1.68136635278953e-05 1.596799632662598e-05 1.2723875184378153e-05 1.3194347421324432e-05 1.6625261085660162e-05 1.345536197217825e-05 

Constant Sample Size 7:
Opt_avg = 168.9553762813366
Opt_var = 0
OptEq_avg = 160.78615363252996
OptEq_var = 0
Direct Learning:
Utility_avg = 114.29954534671215 107.56421598905294 101.75460175527014 97.7182740476189 94.79297024752817 95.90287643689072 98.99594619432186 104.31902569530752 107.19417144932802 107.04342287029715 
Utility_var = 17.39804353576297 32.327302318442975 32.33918637909553 35.161851601927296 66.85965236928693 89.71641450433168 87.93619127023032 31.031520995870203 42.53669674931872 8.974362598722546 
Consistency_avg = 1.0 1.0 1.0 1.0 1.0 1.0 1.0 1.0 1.0 1.0 
Consistency_var = 0.0 0.0 0.0 0.0 0.0 0.0 0.0 0.0 0.0 0.0 
Loss_avg = 0.46301000000000003 0.26304000000000005 0.1396 0.06939000000000001 0.02624 0.007560000000000001 0.0015000000000000002 0.00043999999999999996 0.00032 0.00017 
Loss_var = 0.010352272626262624 0.007381574141414142 0.002958565656565657 0.0010543211111111112 0.00031943676767676773 9.99458585858586e-05 7.585858585858586e-06 7.741414141414144e-07 4.218181818181818e-07 2.8393939393939396e-07 
Envy_avg = 0.0 0.0 0.0 0.0 0.0 0.0 0.0 0.0 0.0 0.0 
Envy_var = 0.0 0.0 0.0 0.0 0.0 0.0 0.0 0.0 0.0 0.0 
Burnt_avg = 2.83 4.77 6.7 8.26 9.64 10.04 9.77 9.06 8.69 8.95 
Burnt_var = 0.5263636363636365 1.1081818181818182 1.222222222222222 1.2246464646464645 1.6064646464646473 2.543838383838384 3.007171717171717 1.1074747474747477 1.8524242424242434 0.37121212121212094 
Indirect Learning
Utility_avg = 135.06223022519066 143.2389635249748 152.96691116006912 160.7909753378928 160.7911941945359 160.79166576902864 160.79199672592088 160.79195693986506 160.79107175697413 160.79172160305677 
Utility_var = 3.2797666725503483 4.9183161805406685 2.765912798608417 1.3854231858083942e-05 1.5918688292931252e-05 1.6108385360287187e-05 1.9122360991688047e-05 1.9326423153454318e-05 1.6071215042223448e-05 1.6323531531699856e-05 

Constant Sample Size 10:
Opt_avg = 168.9553762813366
Opt_var = 0
OptEq_avg = 160.78615363252996
OptEq_var = 0
Direct Learning:
Utility_avg = 114.3301088526654 108.63010436973681 103.41989443249791 98.69401517969138 95.8354197135025 91.92885817926236 92.25869782088202 93.14768364583179 94.21029926284338 95.22703536659837 
Utility_var = 11.073553100200522 18.420722658849726 20.1673599682147 27.028883470848584 33.10963750740692 47.600352368165375 26.831119832118024 12.230751409887334 1.3907262882436675 1.3517408630296863 
Consistency_avg = 1.0 1.0 1.0 1.0 1.0 1.0 1.0 1.0 1.0 1.0 
Consistency_var = 0.0 0.0 0.0 0.0 0.0 0.0 0.0 0.0 0.0 0.0 
Loss_avg = 0.36028 0.19967000000000001 0.10087 0.04890999999999999 0.025550000000000003 0.00822 0.0031000000000000003 0.0008 7.000000000000001e-05 3e-05 
Loss_var = 0.013383496565656563 0.0077594354545454545 0.0026324576767676766 0.0008051534343434342 0.0002394621212121212 6.578949494949494e-05 1.53030303030303e-05 4.464646464646463e-06 6.575757575757577e-08 2.9393939393939386e-08 
Envy_avg = 0.0 0.0 0.0 0.0 0.0 0.0 0.0 0.0 0.0 0.0 
Envy_var = 0.0 0.0 0.0 0.0 0.0 0.0 0.0 0.0 0.0 0.0 
Burnt_avg = 2.52 3.92 5.35 6.72 7.8 9.23 9.7 9.95 10.0 10.0 
Burnt_var = 0.4541414141414143 0.922828282828283 0.9772727272727273 1.011717171717172 0.7878787878787878 1.0475757575757576 0.5353535353535355 0.2297979797979798 0.0 0.0 
Indirect Learning
Utility_avg = 136.79602912913194 144.5136359944837 153.5346254793922 160.79177690591337 160.791291571867 160.7911389930229 160.7915490109441 160.7916616188774 160.79094550972698 160.7909854518374 
Utility_var = 3.8378214782048663 4.990856324087512 1.8670637024168313 1.5972891388595067e-05 1.439735160562804e-05 1.4844662341293676e-05 1.6154015891501146e-05 1.2105107621469377e-05 1.3781276690851053e-05 1.7801015578320993e-05 

Uniform Product Distribution:
Opt_avg = 168.9553762813366
Opt_var = 0
OptEq_avg = 160.78615363252996
OptEq_var = 0
Direct Learning:
Utility_avg = 114.92449604051684 110.61842674554799 106.29694531470403 102.89013682414914 98.48472489499213 96.19881191507636 93.70648749576985 90.24742654249843 87.99443890485405 86.5982662207536 
Utility_var = 7.3984661854291955 9.718366168199031 14.50183833651058 14.112492095592666 14.44745230583173 14.62122440014489 11.266205914733785 6.7092035521653965 6.407188875163307 9.468192487676182 
Consistency_avg = 1.0 1.0 1.0 1.0 1.0 1.0 1.0 1.0 1.0 1.0 
Consistency_var = 0.0 0.0 0.0 0.0 0.0 0.0 0.0 0.0 0.0 0.0 
Loss_avg = 0.25049 0.12911 0.06553 0.0381 0.01589 0.011369999999999998 0.006740000000000001 0.0030400000000000006 0.0021600000000000005 0.00122 
Loss_var = 0.011384939292929296 0.004084381717171717 0.0014171001010101006 0.0006927575757575758 0.00011341202020202018 5.562939393939394e-05 1.768929292929293e-05 3.856969696969697e-06 3.065050505050505e-06 1.6278787878787886e-06 
Envy_avg = 0.0 0.0 0.0 0.0 0.0 0.0 0.0 0.0 0.0 0.0 
Envy_var = 0.0 0.0 0.0 0.0 0.0 0.0 0.0 0.0 0.0 0.0 
Burnt_avg = 2.11 3.12 4.15 5.01 6.18 6.77 7.43 8.38 9.02 9.56 
Burnt_var = 0.36151515151515157 0.4501010101010101 0.6540404040404039 0.7574747474747475 0.7955555555555553 0.7445454545454545 0.5506060606060605 0.3591919191919191 0.3632323232323232 0.43070707070707065 
Indirect Learning
Utility_avg = 137.68756366092418 145.39975761134525 153.60224813175458 160.79183322859745 160.7915834139167 160.79191039170885 160.79114230896718 160.79160408899534 160.79127179791328 160.79138660776277 
Utility_var = 4.498298417391578 4.968770028577588 1.8916375324041461 1.6682685504046316e-05 1.795135010941203e-05 1.4515094803705174e-05 1.7209741208388826e-05 1.8657285463649465e-05 2.0684875428379612e-05 1.4597525074269145e-05 

