Constant Sample Size 1:
Opt_avg = 282.043876269372
Opt_var = 0
OptEq_avg = 269.44741264446833
OptEq_var = 0
Direct Learning:
Utility_avg = 211.5496404372622 215.8898348350511 225.01901883309816 236.10129303594863 256.13749626960913 269.80634598156644 272.8438891533274 272.9646399000847 272.9646399000847 272.9646399000847 
Utility_var = 1.4480180887373815 3.4098642546055244 8.389572696407837 10.00324778128003 18.602791629600652 5.2364370599038805 0.2015626755633011 3.2638123917022874e-27 3.2638123917022874e-27 3.2638123917022874e-27 
Consistency_avg = 1.0 1.0 1.0 1.0 1.0 1.0 1.0 1.0 1.0 1.0 
Consistency_var = 0.0 0.0 0.0 0.0 0.0 0.0 0.0 0.0 0.0 0.0 
Loss_avg = 0.90397 0.81412 0.6696100000000001 0.44427 0.14227 0.018699999999999998 0.001 0.0 0.0 0.0 
Loss_var = 0.00016762535353535358 0.0004423692929292919 0.001252078686868686 0.0031511081818181817 0.0030937344444444447 0.00042253535353535353 1.9292929292929295e-05 0.0 0.0 0.0 
Envy_avg = 0.0 0.0 0.0 0.55 43.19 61.34 70.43 71.0 71.0 71.0 
Envy_var = 0.0 0.0 0.0 4.755050505050505 141.60999999999999 42.388282828282826 4.106161616161615 0.0 0.0 0.0 
Burnt_avg = 0.0 0.0 0.0 0.0 0.0 0.0 0.0 0.0 0.0 0.0 
Burnt_var = 0.0 0.0 0.0 0.0 0.0 0.0 0.0 0.0 0.0 0.0 
Indirect Learning
Utility_avg = 212.0713334414005 217.2974135186879 226.6483020533294 241.03974587444307 256.81024025928485 267.0069782138012 269.3531328118986 269.44692462704234 269.44509213002544 269.4462687218414 
Utility_var = 1.5748846079019405 3.4468605911619905 8.138469257046987 14.014236101562402 10.66445003482221 3.140196700309436 0.11712366519057664 8.619879276737555e-05 5.844395449460416e-05 7.462005626527524e-05 

Constant Sample Size 3:
Opt_avg = 282.043876269372
Opt_var = 0
OptEq_avg = 269.44741264446833
OptEq_var = 0
Direct Learning:
Utility_avg = 210.6989886290952 204.91890846784892 189.71080756491403 170.0674624766221 160.86198754650496 169.0329953752275 177.81950596461155 183.22137445247867 187.39377551570982 191.13068586562142 
Utility_var = 24.401949429034755 61.1537939461157 83.36901502666417 100.90063144554401 176.4907502445502 193.5188387091005 133.0410927433456 132.40670163945512 103.8490604423325 108.19433531216568 
Consistency_avg = 1.0 1.0 1.0 1.0 1.0 1.0 1.0 1.0 1.0 1.0 
Consistency_var = 0.0 0.0 0.0 0.0 0.0 0.0 0.0 0.0 0.0 0.0 
Loss_avg = 0.92309 0.7580000000000001 0.47773 0.20696000000000006 0.054740000000000004 0.01031 0.0046500000000000005 0.00184 0.0008500000000000002 0.0006000000000000001 
Loss_var = 0.0016763049494949492 0.0026660606060606067 0.0041839970707070705 0.0023602812121212126 0.0012283963636363635 0.00010813525252525253 2.770454545454545e-05 4.6408080808080815e-06 1.8055555555555553e-06 1.0505050505050509e-06 
Envy_avg = 0.0 0.01 0.12 0.64 1.21 1.58 1.53 1.1 0.61 0.38 
Envy_var = 0.0 0.009999999999999998 0.26828282828282823 1.808484848484849 2.672626262626263 2.5894949494949504 2.2314141414141413 1.0808080808080809 0.7251515151515153 0.43999999999999995 
Burnt_avg = 1.15 3.85 9.01 14.68 17.95 17.09 15.84 15.17 14.54 13.89 
Burnt_var = 0.5934343434343434 1.421717171717172 3.1211111111111105 4.26020202020202 7.623737373737374 7.113030303030303 4.499393939393939 4.829393939393939 3.7660606060606066 3.795858585858586 
Indirect Learning
Utility_avg = 216.0129289781792 225.27465603352874 239.27639211050828 259.6700548437863 268.79943829784276 269.4455691025985 269.4473681290258 269.44653634852244 269.44503482846284 269.4470843665677 
Utility_var = 3.284968915322183 6.809323739698655 9.364002933000682 3.8989973052327556 0.8488814058391031 8.411747268834418e-05 8.492782603149773e-05 6.850143607836855e-05 5.96197685964398e-05 9.72707999393955e-05 

Constant Sample Size 5:
Opt_avg = 282.043876269372
Opt_var = 0
OptEq_avg = 269.44741264446833
OptEq_var = 0
Direct Learning:
Utility_avg = 204.32290987767811 196.96209073772107 183.72487666242006 170.67769245320997 160.38631027905177 161.54384179177066 169.33103878516235 177.79198713200017 185.12374385983102 192.72029084657498 
Utility_var = 42.12615663751212 60.34157713501526 48.39357873594384 68.69638916852868 97.79100213722393 148.25193948238217 162.46126158354375 99.5504544119671 115.19622990799094 81.0915059562564 
Consistency_avg = 1.0 1.0 1.0 1.0 1.0 1.0 1.0 1.0 1.0 1.0 
Consistency_var = 0.0 0.0 0.0 0.0 0.0 0.0 0.0 0.0 0.0 0.0 
Loss_avg = 0.78566 0.55794 0.32244999999999996 0.15922000000000003 0.055840000000000015 0.01372 0.00269 0.0009300000000000002 0.00058 0.00032 
Loss_var = 0.0039849539393939405 0.0038028044444444434 0.00326814898989899 0.00167104202020202 0.0009351458585858587 0.0001657389898989899 1.4539292929292926e-05 2.6314141414141414e-06 1.0743434343434346e-06 4.2181818181818186e-07 
Envy_avg = 0.0 0.0 0.0 0.01 0.05 0.11 0.14 0.13 0.07 0.14 
Envy_var = 0.0 0.0 0.0 0.009999999999999998 0.06818181818181818 0.13929292929292933 0.14181818181818182 0.11424242424242423 0.06575757575757576 0.12161616161616161 
Burnt_avg = 2.25 5.24 9.52 13.73 17.44 18.18 17.08 15.66 14.37 12.85 
Burnt_var = 0.5126262626262627 0.8913131313131313 1.8884848484848487 2.3809090909090913 3.461010101010101 5.603636363636364 6.902626262626262 5.0347474747474745 4.922323232323233 4.1893939393939394 
Indirect Learning
Utility_avg = 218.88741500136976 229.7289519284945 243.91640401625452 261.3380019207858 269.44680868614853 269.44716628399715 269.446640779588 269.44583554952084 269.445343934672 269.4466678494713 
Utility_var = 5.5465864847250606 11.201873845091336 9.787442257430683 3.571781615428106 6.657747502741847e-05 6.865068130729377e-05 7.674878825913736e-05 8.204422504695185e-05 6.845108034644637e-05 8.813309194893087e-05 

Constant Sample Size 7:
Opt_avg = 282.043876269372
Opt_var = 0
OptEq_avg = 269.44741264446833
OptEq_var = 0
Direct Learning:
Utility_avg = 200.89579194245653 193.17188879518264 184.03597241365472 174.21888241723033 163.65550562995645 157.49675040362968 155.10604568025917 159.1623359799098 166.2626011573885 173.57521589159165 
Utility_var = 38.779654023353544 57.99612856015078 70.08682725670128 63.866252889159306 59.27425240501856 63.444497451092325 73.25730576685845 126.61162257022805 162.73518048142472 106.74376433422078 
Consistency_avg = 1.0 1.0 1.0 1.0 1.0 1.0 1.0 1.0 1.0 1.0 
Consistency_var = 0.0 0.0 0.0 0.0 0.0 0.0 0.0 0.0 0.0 0.0 
Loss_avg = 0.66705 0.43685 0.24770999999999993 0.12716 0.05637 0.022220000000000004 0.007830000000000002 0.00135 0.00029000000000000006 0.0002 
Loss_var = 0.00687905808080808 0.005380997474747477 0.004376854444444444 0.0013936509090909093 0.00042809404040404037 0.0001624157575757576 5.1294040404040404e-05 6.351010101010101e-06 4.3020202020202016e-07 2.828282828282828e-07 
Envy_avg = 0.0 0.0 0.0 0.0 0.0 0.0 0.01 0.0 0.01 0.02 
Envy_var = 0.0 0.0 0.0 0.0 0.0 0.0 0.009999999999999998 0.0 0.009999999999999998 0.01979797979797979 
Burnt_avg = 2.64 5.28 8.55 11.98 15.41 17.97 19.14 18.61 17.21 15.8 
Burnt_var = 0.5761616161616162 1.011717171717172 2.007575757575758 1.9995959595959594 1.9615151515151512 2.93848484848485 4.4448484848484835 7.694848484848485 8.086767676767677 4.525252525252525 
Indirect Learning
Utility_avg = 221.0166548062949 232.26607685428553 246.35298728089234 262.08566266523593 269.44676132662136 269.4468508364644 269.44730529890626 269.4455988240923 269.4451008811034 269.4466826657323 
Utility_var = 6.584739963684529 13.790564383370144 9.31517661466148 3.0220920273416625 7.648876617529032e-05 6.678027697117754e-05 6.659452444491265e-05 0.00010715167665273396 7.991169088328717e-05 7.735672624389928e-05 

Constant Sample Size 10:
Opt_avg = 282.043876269372
Opt_var = 0
OptEq_avg = 269.44741264446833
OptEq_var = 0
Direct Learning:
Utility_avg = 197.09538218706098 188.77294885952452 181.22862316393332 173.52857159597076 164.66547961148447 158.81567788300802 153.2214723953235 152.22641493691518 150.86180819651375 152.10341865229213 
Utility_var = 16.18472556667719 35.626514973235274 45.645354780210965 40.039838251730224 47.119278217310125 66.18756330079654 60.54050318326804 70.5049461892921 32.1313396335503 76.58793014567543 
Consistency_avg = 1.0 1.0 1.0 1.0 1.0 1.0 1.0 1.0 1.0 1.0 
Consistency_var = 0.0 0.0 0.0 0.0 0.0 0.0 0.0 0.0 0.0 0.0 
Loss_avg = 0.5197400000000001 0.30904 0.17556000000000002 0.08892 0.042409999999999996 0.019119999999999998 0.008130000000000002 0.00377 0.0007100000000000001 5e-05 
Loss_var = 0.00770314383838384 0.007972584242424243 0.0037725115151515153 0.0009432460606060605 0.0002733150505050505 8.436929292929296e-05 2.5770808080808084e-05 7.835454545454545e-06 1.4807070707070706e-06 6.818181818181821e-08 
Envy_avg = 0.0 0.0 0.0 0.0 0.0 0.0 0.0 0.0 0.0 0.0 
Envy_var = 0.0 0.0 0.0 0.0 0.0 0.0 0.0 0.0 0.0 0.0 
Burnt_avg = 2.92 5.16 7.42 9.79 12.41 14.89 16.95 18.31 19.4 19.57 
Burnt_var = 0.49858585858585863 1.2872727272727276 1.6602020202020202 1.3594949494949493 1.4362626262626261 1.5130303030303036 1.3813131313131313 1.6706060606060606 1.131313131313131 3.1566666666666676 
Indirect Learning
Utility_avg = 222.71222904658526 235.32790722067327 247.48070180326883 262.6297353006736 269.4456348828775 269.44678971237676 269.4451811550537 269.44524113601403 269.4473503932888 269.4458493997024 
Utility_var = 7.509411568664221 11.921324306730932 9.165618138902998 2.408128316119593 7.117846871281632e-05 8.02439256072878e-05 5.101398993261733e-05 7.5175527497998e-05 6.927868766844013e-05 5.7921843774086005e-05 

Uniform Product Distribution:
Opt_avg = 282.043876269372
Opt_var = 0
OptEq_avg = 269.44741264446833
OptEq_var = 0
Direct Learning:
Utility_avg = 198.8161655160472 194.8185457450757 190.63806607758931 187.03718112310293 183.2421434784148 179.20067063812283 175.2898812729576 170.81493535612194 166.46474169636588 163.40086127715003 
Utility_var = 7.145479119378976 13.330699916904106 12.609094822805421 10.803848543165856 17.986635336003076 13.931581267611817 21.897297930531703 16.846351341450518 12.42758094923589 12.409313794096809 
Consistency_avg = 1.0 1.0 1.0 1.0 1.0 1.0 1.0 1.0 1.0 1.0 
Consistency_var = 0.0 0.0 0.0 0.0 0.0 0.0 0.0 0.0 0.0 0.0 
Loss_avg = 0.2302 0.13065 0.06225 0.03295000000000001 0.019150000000000004 0.008770000000000002 0.00515 0.00238 0.00111 0.00063 
Loss_var = 0.009908303030303031 0.004845946969696971 0.001196391414141414 0.00037245202020202024 0.00023578535353535355 3.581525252525253e-05 1.61489898989899e-05 3.9349494949494955e-06 1.412020202020202e-06 7.809090909090908e-07 
Envy_avg = 0.0 0.0 0.0 0.0 0.0 0.0 0.0 0.0 0.0 0.0 
Envy_var = 0.0 0.0 0.0 0.0 0.0 0.0 0.0 0.0 0.0 0.0 
Burnt_avg = 2.22 3.14 4.19 5.1 6.03 7.07 7.95 9.05 10.04 10.89 
Burnt_var = 0.33494949494949494 0.6064646464646463 0.62010101010101 0.5353535353535352 1.0192929292929291 0.6516161616161616 1.078282828282828 0.7550505050505052 0.6044444444444445 0.5837373737373737 
Indirect Learning
Utility_avg = 227.99623310633652 238.22462115838246 248.69916256085932 262.96190914675697 269.4467928675929 269.4462565881146 269.4471210212616 269.44651914379415 269.447390071433 269.44541766160995 
Utility_var = 13.569720763456228 15.852479626872642 7.062357970595669 2.282249109591637 6.643766208111526e-05 7.094487816528878e-05 7.669576490754659e-05 7.698776458053707e-05 7.495764513850682e-05 9.25101748982594e-05 

